-102	0.000117527267708
-101	0.000125047717274
-100	0.000233078067009
-99	0.000290499698523
-98	0.000308600498971
-97	0.000412760600099
-96	0.000282208546261
-95	0.000459171456959
-94	0.000296496805859
-93	0.000558064582167
-92	0.000341269916405
-91	0.000385964027943
-90	0.000383238628647
-89	0.000212851287688
-88	0.000233860492422
-87	0.000243192267015
-86	0.000279245541505
-85	0.000394489973217
-84	0.00035022980829
-83	0.000328633357123
-82	0.000373931731518
-81	0.000676352722679
-80	0.000537060007428
-79	0.000637186788893
-78	0.000425820420527
-77	0.000332590757135
-76	0.000431649693457
-75	0.000239496748408
-74	0.000520918681021
-73	0.000221465009311
-72	0.000344724042598
-71	0.000282167014251
-70	0.000313220789456
-69	0.000229699019026
-68	0.000247130390847
-67	0.000244515522914
-66	0.000262922285988
-65	0.000174122601121
-64	0.000241484338022
-63	0.000467265216731
-62	0.000258675408727
-61	0.00043528972298
-60	0.000393157438685
-59	0.000320870989292
-58	0.000945107718335
-57	0.00151670310237
-56	0.0005521825101
-55	0.000517187205073
-54	0.000328125920254
-53	0.000376283837039
-52	0.000383574807093
-51	0.00033934000915
-50	0.000541202792898
-49	0.00110797318567
-48	0.000961433546969
-47	0.000480427332304
-46	0.000743795926412
-45	0.000834293944686
-44	0.00135436198388
-43	0.000810451968328
-42	0.000656907108962
-41	0.00121186908593
-40	0.00088452256826
-39	0.000807622070583
-38	0.000996448460518
-37	0.000979068920682
-36	0.00153172824698
-35	0.000919772948575
-34	0.000948884269718
-33	0.00163204107763
-32	0.00107538937538
-31	0.0024932022011
-30	0.00408200540704
-29	0.00227120539428
-28	0.00195758303548
-27	0.00193905766456
-26	0.00220325115135
-25	0.00203681427528
-24	0.00257107617305
-23	0.00220933685346
-22	0.00371358578222
-21	0.0030683918513
-20	0.00192921056686
-19	0.00139131001866
-18	0.00129693071755
-17	0.00102342036543
-16	0.000945381912871
-15	0.00142664225651
-14	0.00122629125786
-13	0.00132774786676
-12	0.000816542183089
-11	0.000762981516955
-10	0.000722901059183
-9	0.000875638751935
-8	0.000971041892445
-7	0.000624962356502
-6	0.00133491518719
-5	0.00145231656038
-4	0.000515685074002
-3	0.000617407197558
-2	0.000712281299152
-1	0.000440375801576
0	0.000797548510225
1	0.001385073172
2	0.00345465751402
3	0.0109154969773
4	0.00134665831087
5	0.00205420174328
6	0.00216068631261
7	0.000732065159864
8	0.00102879421696
9	0.00217595861467
10	0.000917793818434
11	0.00144577509627
12	0.00304631032286
13	0.000665869960994
14	0.000912011174013
15	0.00186764374779
16	0.000669296101585
17	0.0020122197266
18	0.00427167619857
19	0.000816667984116
20	0.00151153139493
21	0.00212719375097
22	0.000531884140993
23	0.000741038392651
24	0.00125810864579
25	0.000483528758424
26	0.00139832452946
27	0.00153303142473
28	0.000354703234063
29	0.00058900749238
30	0.0012756560719
31	0.000425638267505
32	0.000588365444193
33	0.000784256594831
34	0.000318549291654
35	0.000853652840754
36	0.00106837363889
37	0.000334043298596
38	0.000650559366165
39	0.000815991222654
40	0.000294442059497
41	0.000657408176499
42	0.000584249638783
43	0.000189225579745
44	0.000288519825466
45	0.000553687943977
46	0.000135681817094
47	0.000255143417943
48	0.000396243253402
49	0.000149773503861
50	0.000427963925843
51	0.000687667592644
52	0.000160900614028
53	0.000285392336294
54	0.000573946588635
55	0.000189271531852
56	0.000400079752911
57	0.000798494477615
58	0.000299814258886
59	0.000491221014054
60	0.000703374375294
61	0.000242257140664
62	0.000523300111508
63	0.000465062431006
64	0.00020547206552
65	0.00038709586648
66	0.000426849074264
67	0.000208707424084
68	0.000318883129932
69	0.000806839495627
70	0.000243471858237
71	0.000467750242924
72	0.000711229066475
73	0.00020817780001
74	0.000292893893373
75	0.000470856670883
76	0.000159989636377
77	0.000357400259974
78	0.000450410112677
79	0.000148582362957
80	0.000241087048669
81	0.000348929442078
82	0.000110925668564
83	0.000235801646877
84	0.000325386500564
85	0.000127174347929
86	0.000211691392723
87	0.000289216814933
88	0.000177751590915
89	0.000365474945945
90	0.00038502568037
91	0.000118486851165
92	0.000296320016117
93	0.00035138825919
94	0.000157000125731
95	0.000394022627803
96	0.000408481886408
97	0.000168153803414
98	0.000287555462722
99	0.000339315354562
100	0.000156319329781
101	0.000291247980137
102	0.000358753251215
103	0.000156553504998
104	0.000324895961137
105	0.000377411883002
106	0.000163514807252
107	0.000395391413087
108	0.000388614099371
109	0.000293144701569
110	0.000195469718178
111	0.000470603054793
112	0.000151466752892
113	0.000331377839705
114	0.000284107620535
115	0.000174561174093
116	0.00044288770749
117	0.000469748523069
118	0.000212269216735
119	0.000334724030397
120	0.000460202525179
121	0.000195740112226
122	0.000240683528099
123	0.000287283073139
124	0.00019606022899
125	0.000159299326592
126	0.00032824761133
127	0.000124200955443
128	0.000199704312248
129	0.00026987241427
130	0.00011916742998
131	0.000225916731233
132	0.000424337559606
133	0.000175995787852
134	0.000257239341629
135	0.000364961858233
136	0.00021499796374
137	0.0002738298887
138	0.00045857797108
139	0.000171346912902
140	0.000265245213128
141	0.000284454947162
142	0.000155933279984
143	0.000233418591079
144	0.000310200940076
145	0.00012136524601
146	0.000223193660511
147	0.0004193709522
148	0.000105112403104
149	0.000358668257439
150	0.000377430387759
151	0.000212439570915
152	0.000373131009269
153	0.000326201411413
154	0.000132102084566
155	0.000262091936938
156	0.00033625243271
157	0.000108047257323
158	0.000382471644553
159	0.000520737799222
160	0.000267570454085
161	0.000303686075451
162	0.000407905501999
163	0.000179578635915
164	0.000348472825365
165	0.00034029264414
166	0.000207567146285
167	0.000198269898777
168	0.000317761181334
169	0.000169130401775
170	0.000355597019502
171	0.000353266536957
172	0.000172157434814
173	0.000376146313411
174	0.000693280818556
175	0.000207983886915
176	0.000389851571962
177	0.000303652478584
178	9.56876683456e-05
179	0.000250021784614
180	0.000317975005763
181	0.000163088972978
182	0.000230289747591
183	0.000466265420253
184	0.000166675342929
185	0.000315710162238
186	0.000457913784378
187	0.000171794751991
188	0.000281884085177
189	0.000433522803727
190	0.000139365671425
191	0.000358228840082
192	0.000476028009478
193	0.000174454951911
194	0.000236450704003
195	0.000324200499031
196	0.000106192584159
197	0.000223130237597
198	0.000314855836898
199	8.3587379445e-05
200	0.000284459433254
201	0.000313223563701
202	0.000144040594705
203	0.000261884077955
204	0.00025957972954
205	8.91477514257e-05
206	0.000246062992895
207	0.000261799932638
208	0.000123018699863
209	0.000458893708981
210	0.000318365231943
211	0.000111825646074
212	0.000229067792921
213	0.000322251890162
214	0.000113999876947
215	0.00018112513855
216	0.000182979345842
217	0.000120638142489
218	0.000163331180169
219	0.000227405547499
220	8.36892524757e-05
221	0.000212620962735
222	0.000223799325643
223	0.000194644563446
224	0.000268469951074
225	0.000332668580775
226	0.000112329269858
227	0.00033075977988
228	0.000304231895385
229	0.000114191790835
230	0.000326086463934
231	0.000333340845763
232	0.000168774587695
233	0.000333129726627
234	0.000359648061526
235	0.000101704576125
236	0.000240114095157
237	0.00036567317032
238	0.000179944291136
239	0.000328690531487
240	0.00032671573139
241	0.000151063372575
242	0.000402936858893
243	0.000259613986584
244	0.000100348620412
245	0.000280986287097
246	0.000295617674382
247	0.000110918778454
248	0.000186271015044
249	0.000293897081774
250	0.000191143977102
251	0.000246282026224
252	0.000337610241518
253	0.000136328071024
254	0.000184963846701
255	0.000283839551885
256	0.000113976884019
257	0.000247962378388
258	0.000190342500209
259	7.17027594536e-05
260	0.000196506985208
261	0.000262092771915
262	8.5313134756e-05
263	0.000207861564366
264	0.000266093252191
265	8.23102055066e-05
266	0.000272276434558
267	0.00036081535236
268	0.000193742603051
269	0.000355242570472
270	0.000312634075945
271	0.000178646619182
272	0.000324714931438
273	0.000265605224318
274	9.13466186888e-05
275	0.00024550825545
276	0.000272964158048
277	6.03157754328e-05
278	0.000157844982608
279	0.000178167242908
280	7.39692054019e-05
281	0.00018807797068
282	0.000134083344869
283	3.71260449693e-05
284	0.000136312830681
285	0.000198766670873
286	0.000117316637062
287	0.000243010679964
288	0.000267165548852
289	9.77137854979e-05
290	0.000224990899224
291	0.000255578729012
292	4.94258002199e-05
293	0.000206592003527
294	0.000304747836924
295	9.15307457738e-05
296	0.000256235358206
297	0.000261088743091
298	0.000109079114731
299	0.000247467527913
300	0.000253879367079
301	9.622497241e-05
302	0.000238075023663
80
