-102	0.000125506644229
-101	0.000142178645609
-100	0.000184461133127
-99	0.00021051930583
-98	0.000208992988319
-97	0.000216089273299
-96	0.000240534273547
-95	0.000387432152882
-94	0.000214886975285
-93	0.000220114784502
-92	0.00019536018423
-91	0.000249602703906
-90	0.000229378177218
-89	0.000148366364202
-88	0.000129908469611
-87	0.000185275899347
-86	0.000205807018458
-85	0.00027460394576
-84	0.000186871494809
-83	0.000269297138404
-82	0.000264101666378
-81	0.000464302870923
-80	0.000365557182129
-79	0.000405955634648
-78	0.000264854174702
-77	0.000314845952271
-76	0.000319374990613
-75	0.000214002273545
-74	0.00044100753292
-73	0.000272778846132
-72	0.000253615539852
-71	0.000223961869817
-70	0.000213871064392
-69	0.000186249914528
-68	0.000174657534592
-67	0.000204967095375
-66	0.000151590635442
-65	0.000147741828602
-64	0.000198349957332
-63	0.000243301114478
-62	0.000200486584054
-61	0.000302301662373
-60	0.000287562312266
-59	0.000243190144663
-58	0.000328027437423
-57	0.000392091977952
-56	0.000410675531781
-55	0.000404471198051
-54	0.00025249428359
-53	0.000315283636159
-52	0.000393615567057
-51	0.000343313052554
-50	0.000383386701248
-49	0.00069212069033
-48	0.000545732071238
-47	0.000298235477866
-46	0.000414201630881
-45	0.000519668294707
-44	0.000818085466015
-43	0.000667406949832
-42	0.000697550100277
-41	0.000670051262058
-40	0.000625343079921
-39	0.000750800724935
-38	0.000638415973776
-37	0.000700382082535
-36	0.000954578638673
-35	0.000693026782397
-34	0.000701294132152
-33	0.00112244800351
-32	0.000934923303098
-31	0.00201420787307
-30	0.00260259513459
-29	0.0015199553108
-28	0.00116942797577
-27	0.00152625762165
-26	0.00135929173146
-25	0.00124042819428
-24	0.00143897654976
-23	0.00153948501692
-22	0.00219978476201
-21	0.00191923695772
-20	0.00129178892848
-19	0.000887051924808
-18	0.000897839927327
-17	0.000724395894443
-16	0.000681433759765
-15	0.000781719716324
-14	0.000841244313129
-13	0.00090188673499
-12	0.000770056763998
-11	0.000712974601851
-10	0.00045545213598
-9	0.000512395229515
-8	0.000626830559913
-7	0.000449048530731
-6	0.000824855722086
-5	0.000869842423105
-4	0.000420034975842
-3	0.000413011793371
-2	0.00054106038461
-1	0.000307209183667
0	0.000631235357227
1	0.00113146273293
2	0.00206591441153
3	0.00532500754052
4	0.00109578425641
5	0.000996203270579
6	0.00188080566409
7	0.00070507346334
8	0.00113369171254
9	0.00204499720769
10	0.000832709299525
11	0.000961735780924
12	0.00202716460765
13	0.000464891400187
14	0.000616274645959
15	0.00134852674628
16	0.000545737287251
17	0.00139481407741
18	0.00278850389983
19	0.000723517836323
20	0.00111139820661
21	0.00161901923562
22	0.000498909919715
23	0.000554045327726
24	0.000804448728243
25	0.000374672256018
26	0.000815305575482
27	0.00146773696783
28	0.00034544851155
29	0.000494616235109
30	0.00104839430153
31	0.000329022373395
32	0.000408134294374
33	0.000501367215107
34	0.000266536378164
35	0.000632981379122
36	0.000581394659927
37	0.000233543815018
38	0.000362327667039
39	0.000613035913472
40	0.000258602210934
41	0.000493242694367
42	0.000423331727073
43	0.000129814280978
44	0.000252431796201
45	0.000421509272612
46	0.000202677542958
47	0.000275882509652
48	0.000329096393307
49	0.00014682690406
50	0.000362239457017
51	0.000570437905387
52	0.000195386840578
53	0.000234259257422
54	0.000428618727355
55	0.00017938147776
56	0.000336344021099
57	0.000635752629814
58	0.00027411998926
59	0.000371688011615
60	0.000444673639703
61	0.000226001885195
62	0.000328683846748
63	0.00041875769174
64	0.000174154763535
65	0.000261766082631
66	0.000375556972544
67	0.000155751835404
68	0.000271788482582
69	0.00064036977964
70	0.000186117027956
71	0.000363781265729
72	0.000396785177945
73	0.000152576177652
74	0.000190648035724
75	0.000314182445121
76	0.000136894928393
77	0.000253817193192
78	0.000376283284939
79	0.000166984594585
80	0.000192027685598
81	0.000314944091334
82	0.000116628729098
83	0.000163186836787
84	0.000251662542218
85	0.000126730769112
86	0.000229949080223
87	0.000385719926576
88	0.000155229810669
89	0.000295765481045
90	0.000293242553042
91	9.35928661389e-05
92	0.00020675172177
93	0.000293991099825
94	0.000135427124282
95	0.000285792458595
96	0.000273382945857
97	0.000170757685793
98	0.000202155087518
99	0.000277579316328
100	0.00013085390884
101	0.000268560664704
102	0.000320902120307
103	0.000107013535599
104	0.000234785745322
105	0.000217130949401
106	0.000144860837716
107	0.000210155324679
108	0.000266765674843
109	0.000206914645467
110	0.000187254207965
111	0.000298944987455
112	0.000136473230551
113	0.000222153951727
114	0.000207325281027
115	0.000153451292346
116	0.00034211969386
117	0.000245708866469
118	0.000140747734906
119	0.000256553911626
120	0.00030402034224
121	0.000184239004403
122	0.000176684684864
123	0.000229476366037
124	0.00010259513365
125	0.000167658434229
126	0.000166169963372
127	0.00010061782312
128	0.00014389428963
129	0.000169335930061
130	8.01668277332e-05
131	0.000166800828958
132	0.000301847887509
133	0.000118315881784
134	0.000180011062085
135	0.000249241598681
136	0.00011641089203
137	0.0001933262818
138	0.000267999240787
139	0.000145347097655
140	0.000218591553461
141	0.000216931346012
142	0.000110462031537
143	0.000170043556653
144	0.000251461078786
145	8.01656734036e-05
146	0.000216415665161
147	0.000252143901167
148	0.000108870890832
149	0.000249376089231
150	0.000292827363187
151	0.000137507041405
152	0.000267723891902
153	0.000240861815526
154	8.51093217922e-05
155	0.000202720700358
156	0.000213542898229
157	0.000103775944416
158	0.000266510442117
159	0.000328134979625
160	0.000202504890762
161	0.000196413147041
162	0.000280774546188
163	0.000165497637141
164	0.000238328370434
165	0.000239673445136
166	0.000167209269834
167	0.000176378601897
168	0.000253152427075
169	0.000116741346797
170	0.000208725894617
171	0.000326618280583
172	0.000135195228799
173	0.000278824364549
174	0.000432077938305
175	0.000204361500184
176	0.000260680640872
177	0.000198790821117
178	8.97908444514e-05
179	0.000223715847176
180	0.000198892913103
181	0.000120603334486
182	0.00020930948285
183	0.000238375912243
184	0.000140656376573
185	0.000275833655184
186	0.00030476991282
187	0.00014206012687
188	0.000241728658687
189	0.000297771509661
190	0.000120829071054
191	0.000184396834603
192	0.00032962870959
193	0.000108074919255
194	0.000169611711699
195	0.000177555864103
196	0.000105933452823
197	0.000202063102323
198	0.000190251259996
199	9.1439348874e-05
200	0.000197885355606
201	0.000238041094349
202	0.000106545682756
203	0.000212431783129
204	0.000272581967656
205	0.000108208445653
206	0.000184160546779
207	0.000186187312264
208	0.000119971661559
209	0.000340764328108
210	0.000268449405773
211	0.00011338479255
212	0.000163220436335
213	0.00021093330716
214	6.85722934244e-05
215	0.000174836531316
216	0.000176782719192
217	0.000104998942669
218	0.000185609185634
219	0.00019469273621
220	8.48343032527e-05
221	0.00020760254572
222	0.000185164967108
223	0.000149444292471
224	0.000174223860784
225	0.000216005693026
226	9.33112642401e-05
227	0.000225669225502
228	0.000225015926453
229	0.000126821315854
230	0.000222603908061
231	0.000269268252962
232	0.000142113498042
233	0.000331215818533
234	0.000258004027713
235	0.000106920171394
236	0.00017387576065
237	0.000236051642596
238	0.000100312779994
239	0.000186762894291
240	0.000231258098008
241	0.000124945931845
242	0.000301080244143
243	0.000242990397337
244	8.16601282109e-05
245	0.000249282032144
246	0.000242387754728
247	8.14004703302e-05
248	0.000199255836072
249	0.000190168354303
250	0.000144419519358
251	0.000239843652809
252	0.000199221723178
253	0.000142143942833
254	0.000169823217709
255	0.000176494128485
256	0.000139558146367
257	0.000147398553123
258	0.000171554440975
259	0.000110889054898
260	0.000235402482989
261	0.00018004194913
262	8.37332902762e-05
263	0.000210333757341
264	0.00027765018195
265	8.54107619498e-05
266	0.000158542469906
267	0.000264644366902
268	0.000153644068349
269	0.000232884488934
270	0.000227438876221
271	0.000137396454637
272	0.000232896131657
273	0.000248178280668
274	0.000117893159261
275	0.000222399188691
276	0.000223187481008
277	7.99570336457e-05
278	0.000138186518235
279	0.00013816476036
280	8.20484773127e-05
281	0.000194883586228
282	0.000218489592468
283	8.625699788e-05
284	0.000287473788156
285	0.000189716404703
286	9.32361189852e-05
287	0.000420730121575
288	0.000190052670798
289	8.6328470007e-05
290	0.000155890268522
291	0.000236068923742
292	6.66971251781e-05
293	0.000212629160039
294	0.000263119509307
295	0.000110617780578
296	0.000247530579738
297	0.000214844809343
298	0.000108635179961
299	0.000172467298305
300	0.000177935241401
301	7.86613316428e-05
302	0.0001431582855
96
