-102	0.018431342809
-101	0.0228577676569
-100	0.0190118575432
-99	0.0165446699231
-98	0.0179233924166
-97	0.0157464621636
-96	0.0170526203154
-95	0.0201728870114
-94	0.0182862141255
-93	0.0235108467328
-92	0.0172703133407
-91	0.0182136497837
-90	0.0168349272901
-89	0.0260505986946
-88	0.032799082479
-87	0.017488006366
-86	0.019374679252
-85	0.0245993118593
-84	0.0255426483023
-83	0.021261352138
-82	0.0214064808215
-81	0.0187941645179
-80	0.0214790451633
-79	0.0237285397581
-78	0.0225675102898
-77	0.0208985304291
-76	0.0244541831757
-75	0.0324362607702
-74	0.0272116281629
-73	0.0249621335681
-72	0.0259054700111
-71	0.0236559754163
-70	0.0312752313019
-69	0.0216967381886
-68	0.025615212644
-67	0.0248895692264
-66	0.0259780343529
-65	0.0196649366191
-64	0.0253975196187
-63	0.0290257367071
-62	0.0219869955556
-61	0.0239462327834
-60	0.0827233496153
-59	0.0282275289477
-58	0.0345406266815
-57	0.0390396158711
-56	0.0958574954753
-55	0.156956671244
-54	0.0469491291238
-53	0.0277921428971
-52	0.0431757833518
-51	0.036572428251
-50	0.0281549646059
-49	0.0281549646059
-48	0.0330167755044
-47	0.0382414081116
-46	0.0430306546683
-45	0.0285903506565
-44	0.0320734390614
-43	0.0320008747196
-42	0.0376608933775
-41	0.0287354793401
-40	0.0252523909352
-39	0.0342503693144
-38	0.0294611227577
-37	0.0295336870995
-36	0.0330167755044
-35	0.0290257367071
-34	0.0444093771619
-33	0.0303318948589
-32	0.0223498172645
-31	0.0253975196187
-30	0.0262682917199
-29	0.0300416374919
-28	0.0294611227577
-27	0.0367175569345
-26	0.022494945948
-25	0.0266311134288
-24	0.0326539537955
-23	0.0248170048846
-22	0.0301867661754
-21	0.0245993118593
-20	0.0203905800368
-19	0.0216967381886
-18	0.0213339164797
-17	0.0248170048846
-16	0.0290983010489
-15	0.0248895692264
-14	0.0290983010489
-13	0.0343954979979
-12	0.0341052406309
-11	0.0308398452513
-10	0.0434660407189
-9	0.0252523909352
-8	0.0322185677449
-7	0.0294611227577
-6	0.0314203599855
-5	0.0251072622517
-4	0.025615212644
-3	0.0226400746316
-2	0.0247444405428
-1	0.0172703133407
0	0.0177782637331
1	0.0575435230219
2	0.167913886851
3	0.42936321024
4	0.0743058859702
5	0.0998485342725
6	0.159859244914
7	0.0497791384527
8	0.0650902145657
9	0.156448720851
10	0.0330167755044
11	0.0819251418559
12	0.197592702634
13	0.0314203599855
14	0.0645822641733
15	0.145854326953
16	0.025324955277
17	0.0690812533629
18	0.103113929652
19	0.0214064808215
20	0.0586319881484
21	0.10797574055
22	0.0239462327834
23	0.0521737617311
24	0.0983246830954
25	0.0236559754163
26	0.0483278516174
27	0.0999210986143
28	0.0240913614669
29	0.0457155353137
30	0.0878754178808
31	0.0200277583279
32	0.0413616748076
33	0.0769182022739
34	0.0163269768978
35	0.0354839631245
36	0.0623327695785
37	0.0159641551889
38	0.0313477956437
39	0.0630584129962
40	0.017197748999
41	0.0304044592007
42	0.0472393864908
43	0.013424403227
44	0.0291708653907
45	0.0555842857941
46	0.014077482303
47	0.0256877769858
48	0.0450624562378
49	0.01436773967
50	0.0269213707959
51	0.0426678329595
52	0.0122633737588
53	0.0240913614669
54	0.0382414081116
55	0.0121182450752
56	0.0251798265934
57	0.0407811600735
58	0.0142951753283
59	0.0233657180492
60	0.0435386050607
61	0.0114651659993
62	0.0211162234544
63	0.0383865367952
64	0.012190809417
65	0.0218418668721
66	0.0435386050607
67	0.0108120869234
68	0.0227126389733
69	0.0389670515293
70	0.0128438884929
71	0.0225675102898
72	0.0415068034912
73	0.0107395225816
74	0.0211887877962
75	0.0362096065421
76	0.00965105745512
77	0.0197375009608
78	0.0380962794281
79	0.0118279877082
80	0.0218418668721
81	0.0359193491751
82	0.014077482303
83	0.0201003226697
84	0.0416519321747
85	0.0113926016575
86	0.0255426483023
87	0.05623736487
88	0.0183587784673
89	0.0213339164797
90	0.042812961643
91	0.0100864435057
92	0.0213339164797
93	0.0396201306052
94	0.0121182450752
95	0.0227852033151
96	0.0401280809976
97	0.0134969675688
98	0.0222046885809
99	0.0415068034912
100	0.0111023442905
101	0.0214064808215
102	0.0375883290357
103	0.0108120869234
104	0.0220595598974
105	0.0343954979979
106	0.013424403227
107	0.0206082730621
108	0.0364272995674
109	0.0103767008728
110	0.0219144312139
111	0.0350485770738
112	0.0106669582399
113	0.0211162234544
114	0.0357742204915
115	0.00965105745512
116	0.0210436591127
117	0.036572428251
118	0.0117554233664
119	0.020318015695
120	0.0411439817823
121	0.0105218295563
122	0.0219869955556
123	0.0333795972132
124	0.0108120869234
125	0.0222772529227
126	0.0349034483903
127	0.00994131482219
128	0.0196649366191
129	0.0413616748076
130	0.0113200373158
131	0.0216241738468
132	0.0402732096811
133	0.0122633737588
134	0.0256877769858
135	0.0419421895418
136	0.012190809417
137	0.0219869955556
138	0.0362821708839
139	0.0085625923286
140	0.0195198079355
141	0.0349760127321
142	0.0122633737588
143	0.0210436591127
144	0.0351937057574
145	0.0127713241511
146	0.0263408560617
147	0.0460057926808
148	0.0105943938981
149	0.0224223816063
150	0.038749358504
151	0.0102315721893
152	0.0247444405428
153	0.0419421895418
154	0.0118279877082
155	0.033742418922
156	0.0434660407189
157	0.0130615815182
158	0.0238736684416
159	0.039692694947
160	0.0121182450752
161	0.0224223816063
162	0.0448447632125
163	0.012190809417
164	0.0320008747196
165	0.0555842857941
166	0.0147305613789
167	0.0303318948589
168	0.0391847445546
169	0.0101590078475
170	0.0254700839605
171	0.0335247258967
172	0.0103767008728
173	0.0219869955556
174	0.0436837337442
175	0.00972362179689
176	0.0261231630364
177	0.0430306546683
178	0.00972362179689
179	0.0230028963404
180	0.0396201306052
181	0.00950592877158
182	0.0224223816063
183	0.0417244965165
184	0.0140049179612
185	0.0250346979099
186	0.0407811600735
187	0.00798207759446
188	0.0217693025303
189	0.0388944871875
190	0.0150933830877
191	0.0227126389733
192	0.0360644778586
193	0.0103767008728
194	0.0238736684416
195	0.0422324469089
196	0.010304136531
197	0.0186490358343
198	0.0386042298205
199	0.0117554233664
200	0.0206808374038
201	0.0401280809976
202	0.00892541403744
203	0.0206808374038
204	0.0314929243272
205	0.00798207759446
206	0.0197375009608
207	0.0324362607702
208	0.00863515667037
209	0.0200277583279
210	0.0340326762891
211	0.00870772101214
212	0.0211887877962
213	0.0335247258967
214	0.00943336442981
215	0.0203905800368
216	0.0399103879723
217	0.00870772101214
218	0.0206082730621
219	0.0346131910232
220	0.00957849311335
221	0.0213339164797
222	0.0357016561498
223	0.0106669582399
224	0.018141085442
225	0.0324362607702
226	0.00638566207557
227	0.0160367195307
228	0.033742418922
229	0.00870772101214
230	0.0223498172645
231	0.034685755365
232	0.00812720627799
233	0.0208985304291
234	0.0335972902385
235	0.00885284969567
236	0.0170526203154
237	0.0369352499598
238	0.00769182022739
239	0.0211162234544
240	0.0393298732381
241	0.0085625923286
242	0.0187941645179
243	0.0363547352257
244	0.00798207759446
245	0.022494945948
246	0.0383139724534
247	0.00885284969567
248	0.0232205893657
249	0.0381688437699
250	0.00921567140451
251	0.0201003226697
252	0.0344680623397
253	0.00986875048042
254	0.0229303319986
255	0.0359919135168
256	0.00921567140451
257	0.0206808374038
258	0.0433934763771
259	0.0101590078475
260	0.0230754606822
261	0.0428855259848
262	0.0111749086322
263	0.0221321242392
264	0.0402732096811
265	0.00965105745512
266	0.0259054700111
267	0.0412165461241
268	0.00841746364507
269	0.0192295505685
270	0.0363547352257
271	0.00812720627799
272	0.0210436591127
273	0.0383139724534
274	0.00914310706274
275	0.0221321242392
276	0.0416519321747
277	0.00950592877158
278	0.0255426483023
279	0.0430306546683
280	0.0116828590246
281	0.0227126389733
282	0.0431032190101
283	0.0106669582399
284	0.0203905800368
285	0.0392573088964
286	0.00957849311335
287	0.0231480250239
288	0.0399103879723
289	0.00798207759446
290	0.0242364901504
291	0.0422324469089
292	0.00827233496153
293	0.022494945948
294	0.0386767941622
295	0.00965105745512
296	0.0232931537075
297	0.0386767941622
298	0.00979618613865
299	0.0206082730621
300	0.0399829523141
301	0.00863515667037
302	0.0206082730621
1550
