-102	0.0176576092451
-101	0.0171829423299
-100	0.0165184086486
-99	0.0151893412861
-98	0.0161386751164
-97	0.017467742479
-96	0.0160437417334
-95	0.0134805403914
-94	0.02249921178
-93	0.0189866766076
-92	0.0184170763094
-91	0.0211701444175
-90	0.0177525426281
-89	0.0206954775023
-88	0.0227840119291
-87	0.0196512102888
-86	0.019936010438
-85	0.0231637454613
-84	0.0236384123764
-83	0.0170880089468
-82	0.0190816099906
-81	0.0192714767567
-80	0.0177525426281
-79	0.0207904108853
-78	0.0190816099906
-77	0.014904541137
-76	0.0179424093942
-75	0.0238282791425
-74	0.0237333457595
-73	0.0206005441192
-72	0.0161386751164
-71	0.0185120096924
-70	0.0265813472506
-69	0.024967479739
-68	0.0217397447157
-67	0.0212650778005
-66	0.0169930755638
-65	0.019936010438
-64	0.0193664101397
-63	0.020030943821
-62	0.0194613435228
-61	0.020030943821
-60	0.040156821025
-59	0.020125877204
-58	0.0253472132711
-57	0.0294293487418
-56	0.0252522798881
-55	0.0368341526187
-54	0.0237333457595
-53	0.0198410770549
-52	0.02999894904
-51	0.0241130792916
-50	0.0195562769058
-49	0.027435747698
-48	0.0279104146131
-47	0.0396821541099
-46	0.0313280164025
-45	0.0206954775023
-44	0.0281002813792
-43	0.0242080126747
-42	0.0268661473997
-41	0.0220245448648
-40	0.0230688120782
-39	0.0259168135694
-38	0.0254421466542
-37	0.0285749482944
-36	0.0260117469524
-35	0.0262965471015
-34	0.0285749482944
-33	0.0221194782478
-32	0.0269610807828
-31	0.0216448113326
-30	0.0237333457595
-29	0.024967479739
-28	0.0210752110344
-27	0.0224042783969
-26	0.0334165508293
-25	0.0266762806337
-24	0.025157346505
-23	0.0232586788443
-22	0.0256320134202
-21	0.0203157439701
-20	0.0238282791425
-19	0.0206005441192
-18	0.0224042783969
-17	0.020030943821
-16	0.0245877462068
-15	0.0316128165516
-14	0.0293344153587
-13	0.0289546818266
-12	0.0299040156569
-11	0.0246826795899
-10	0.0336064175954
-9	0.0314229497856
-8	0.039966954259
-7	0.0258218801863
-6	0.0299040156569
-5	0.027530681081
-4	0.019936010438
-3	0.0245877462068
-2	0.0218346780987
-1	0.0196512102888
0	0.0227840119291
1	0.0518336271387
2	0.203821973382
3	0.381537266429
4	0.0767061734946
5	0.100249652488
6	0.14249500794
7	0.0451882903261
8	0.0905664474182
9	0.158823549822
10	0.0432896226653
11	0.105470988555
12	0.17999369424
13	0.0377834864491
14	0.0703456368311
15	0.125976599291
16	0.0253472132711
17	0.0740480387696
18	0.0916107146316
19	0.0281952147623
20	0.05999789808
21	0.0874336457779
22	0.0323722836159
23	0.0581941638022
24	0.0779403074741
25	0.024967479739
26	0.0585738973344
27	0.0859147116493
28	0.0290496152096
29	0.0519285605217
30	0.065029367381
31	0.020030943821
32	0.0420554886858
33	0.0594282977817
34	0.0211701444175
35	0.0464224243055
36	0.0693013696177
37	0.0163285418825
38	0.035125351724
39	0.052593094203
40	0.020030943821
41	0.0340810845106
42	0.0490805590306
43	0.0178474760111
44	0.0302837491891
45	0.0446186900278
46	0.0136704071575
47	0.0303786825721
48	0.0485109587324
49	0.0153792080521
50	0.0331317506802
51	0.0445237566448
52	0.0133856070083
53	0.0278154812301
54	0.0419605553028
55	0.0147146743709
56	0.0311381496364
57	0.0449034901769
58	0.0176576092451
59	0.0305685493382
60	0.0517386937557
61	0.0163285418825
62	0.0282901481453
63	0.0420554886858
64	0.0133856070083
65	0.0302837491891
66	0.0409162880893
67	0.0171829423299
68	0.034935484958
69	0.0427200223671
70	0.020030943821
71	0.0301888158061
72	0.0413909550045
73	0.0158538749673
74	0.0327520171481
75	0.0430048225162
76	0.0146197409878
77	0.0321824168499
78	0.0454730904752
79	0.0167082754147
80	0.0255370800372
81	0.0383530867473
82	0.0123413397949
83	0.0248725463559
84	0.040061887642
85	0.0136704071575
86	0.0301888158061
87	0.0485109587324
88	0.0152842746691
89	0.0281002813792
90	0.0366442858526
91	0.0143349408387
92	0.030093882423
93	0.0409162880893
94	0.0163285418825
95	0.0268661473997
96	0.0489856256476
97	0.0163285418825
98	0.0361696189374
99	0.0544917618638
100	0.0176576092451
101	0.0291445485926
102	0.0445237566448
103	0.0146197409878
104	0.0296192155078
105	0.0398720208759
106	0.0122464064119
107	0.0305685493382
108	0.0451882903261
109	0.0143349408387
110	0.0266762806337
111	0.0393973539607
112	0.0148096077539
113	0.0318026833177
114	0.0396821541099
115	0.0157589415843
116	0.0271509475488
117	0.0387328202795
118	0.0143349408387
119	0.0322773502329
120	0.0456629572412
121	0.0146197409878
122	0.0282901481453
123	0.042530155601
124	0.0144298742218
125	0.02999894904
126	0.0444288232617
127	0.0132906736253
128	0.025062413122
129	0.0396821541099
130	0.0136704071575
131	0.0262965471015
132	0.0428149557501
133	0.01499947452
134	0.0346506848088
135	0.0469920246038
136	0.0160437417334
137	0.02999894904
138	0.0434794894314
139	0.0138602739235
140	0.0306634827212
141	0.0471818913698
142	0.0151893412861
143	0.0301888158061
144	0.0468021578377
145	0.0129109400932
146	0.0353152184901
147	0.0505045597762
148	0.0164234752656
149	0.0356000186392
150	0.0529728277352
151	0.0148096077539
152	0.0367392192357
153	0.047466691519
154	0.0157589415843
155	0.0415808217706
156	0.0502197596271
157	0.0163285418825
158	0.0330368172972
159	0.047561624902
160	0.0191765433737
161	0.0314229497856
162	0.0470869579868
163	0.0167082754147
164	0.042625088984
165	0.0577194968871
166	0.0189866766076
167	0.032562150382
168	0.0451882903261
169	0.0153792080521
170	0.0332266840633
171	0.0535424280334
172	0.0159488083504
173	0.0321824168499
174	0.0589536308665
175	0.0172778757129
176	0.0387328202795
177	0.057529630121
178	0.0176576092451
179	0.0387328202795
180	0.0543968284807
181	0.0163285418825
182	0.0371189527678
183	0.0552512289281
184	0.0198410770549
185	0.0356949520223
186	0.0558208292263
187	0.0183221429263
188	0.0363594857035
189	0.0595232311648
190	0.0168981421807
191	0.0404416211742
192	0.0574346967379
193	0.0169930755638
194	0.0429098891331
195	0.0637003000184
196	0.0191765433737
197	0.0365493524696
198	0.0597130979309
199	0.0148096077539
200	0.0379733532152
201	0.0492704257967
202	0.0186069430754
203	0.032657083765
204	0.0513589602235
205	0.0152842746691
206	0.0278154812301
207	0.0527829609691
208	0.0152842746691
209	0.0378784198321
210	0.0457578906243
211	0.0136704071575
212	0.02999894904
213	0.0514538936066
214	0.0156640082013
215	0.0362645523205
216	0.0606624317612
217	0.0182272095433
218	0.042435222218
219	0.0610421652934
220	0.0178474760111
221	0.0374037529169
222	0.0560106959924
223	0.0166133420316
224	0.0392074871947
225	0.0520234939048
226	0.0153792080521
227	0.0405365545572
228	0.055061362162
229	0.017562675862
230	0.0374037529169
231	0.055156295545
232	0.0168032087977
233	0.0338912177445
234	0.0547765620129
235	0.0157589415843
236	0.0341760178937
237	0.0618965657407
238	0.0172778757129
239	0.0390176204286
240	0.0552512289281
241	0.0187018764585
242	0.0377834864491
243	0.0546816286298
244	0.0143349408387
245	0.0341760178937
246	0.052593094203
247	0.0143349408387
248	0.0360746855544
249	0.0446186900278
250	0.0153792080521
251	0.0332266840633
252	0.0480362918172
253	0.0121514730289
254	0.032467216999
255	0.0470869579868
256	0.01499947452
257	0.0328469505311
258	0.052688027586
259	0.0139552073066
260	0.0352202851071
261	0.0505045597762
262	0.0154741414352
263	0.0383530867473
264	0.0478464250511
265	0.0168032087977
266	0.0344608180428
267	0.0579093636531
268	0.0143349408387
269	0.0339861511276
270	0.054966428779
271	0.0145248076048
272	0.0364544190866
273	0.0477514916681
274	0.0144298742218
275	0.0359797521714
276	0.0543018950977
277	0.0147146743709
278	0.0409162880893
279	0.0585738973344
280	0.0141450740727
281	0.0355050852562
282	0.0570549632058
283	0.0195562769058
284	0.0470869579868
285	0.0771808404098
286	0.019936010438
287	0.0482261585833
288	0.0594282977817
289	0.0172778757129
290	0.0410112214724
291	0.0632256331033
292	0.0180373427772
293	0.0433845560483
294	0.0591434976326
295	0.0164234752656
296	0.0371189527678
297	0.0577194968871
298	0.0165184086486
299	0.0369290860018
300	0.0618965657407
301	0.0154741414352
302	0.0378784198321
1550
