-34	0.060300968009
-33	0.0502145245033
-32	0.0555117214524
-31	0.0589948098572
-30	0.0756846084638
-29	0.0614619974773
-28	0.0682104812617
-27	0.0640017494392
-26	0.0679202238947
-25	0.0846100225013
-24	0.0808366767293
-23	0.072201520059
-22	0.0710404905907
-21	0.0749589650461
-20	0.145491505244
-19	0.29185378259
-18	0.117917055373
-17	0.0928823574628
-16	0.114288838284
-15	0.0926646644375
-14	0.0916487636527
-13	0.0932451791716
-12	0.106451889373
-11	0.0780792317422
-10	0.0857710519695
-9	0.0858436163113
-8	0.0876577248555
-7	0.0666866300846
-6	0.0752492224132
-5	0.0883833682732
-4	0.108411126601
-3	0.0869320814378
-2	0.0821428348812
-1	0.0646548285151
0	0.243235673606
1	0.603517630483
2	0.274728597933
3	0.271390638212
4	0.293595326793
5	0.240260535593
6	0.183152398622
7	0.184095735065
8	0.170308510129
9	0.169727995395
10	0.149264851016
11	0.128729142296
12	0.109644720411
13	0.110660621196
14	0.0898346551085
15	0.0953495450829
16	0.0863515667037
17	0.0790225681851
18	0.0755394797803
19	0.078442053451
20	0.0761199945144
21	0.0724192130843
22	0.0770633309574
23	0.074378450312
24	0.073435113869
25	0.0655981649581
26	0.0717661340084
27	0.0700971541477
28	0.0785871821345
29	0.095930059817
30	0.0742333216285
31	0.0745235789955
32	0.0758297371474
33	0.0740156286032
34	0.0704599758565
35	0.068428174287
36	0.0687184316541
37	0.0668317587681
38	0.0664689370593
39	0.0686458673123
40	0.0736528068943
41	0.0664689370593
42	0.0645096998316
43	0.0743058859702
44	0.0782243604257
45	0.0761199945144
46	0.064364571148
47	0.0682830456035
48	0.0743058859702
49	0.0790225681851
50	0.0737253712361
51	0.087512596172
52	0.0804012906787
53	0.0742333216285
54	0.0890364473491
55	0.100646742032
56	0.0748138363626
57	0.0658884223252
58	0.0795305185775
59	0.0757571728056
60	0.0715484409831
61	0.0807641123876
62	0.0705325401983
63	0.0767005092486
64	0.070314847173
65	0.0711856192742
66	0.0710404905907
67	0.0697343324389
68	0.0592125028825
69	0.0610991757685
70	0.0639291850974
71	0.0633486703633
72	0.0692263820465
73	0.0655256006163
74	0.0645096998316
75	0.0548586423765
76	0.0647999571986
77	0.0637114920721
78	0.0595027602496
79	0.0657432936416
80	0.0666866300846
81	0.0668317587681
82	0.0703874115148
83	0.0674848378441
84	0.0672671448188
85	0.0658884223252
86	0.0766279449068
87	0.0761925588562
88	0.0758297371474
89	0.0688635603376
90	0.0655256006163
91	0.0695892037553
92	0.0767005092486
93	0.0774261526662
94	0.0741607572867
95	0.0719838270337
96	0.0721289557172
97	0.0729997278184
98	0.0716210053248
99	0.0690812533629
100	0.0692263820465
1550
