-34	0.0513589602235
-33	0.0487957588815
-32	0.0520234939048
-31	0.0585738973344
-30	0.0612320320595
-29	0.0627509661881
-28	0.0598080313139
-27	0.0578144302701
-26	0.0519285605217
-25	0.0681621690212
-24	0.0612320320595
-23	0.0679723022552
-22	0.0562954961415
-21	0.0595232311648
-20	0.0856299115002
-19	0.0915157812486
-18	0.0735733718544
-17	0.0711051038954
-16	0.0989205851255
-15	0.0730037715562
-14	0.0719595043427
-13	0.0799339085179
-12	0.0808832423483
-11	0.0707253703633
-10	0.0697760365329
-9	0.08249710986
-8	0.0740480387696
-7	0.0647445672319
-6	0.0670229684248
-5	0.0899019137369
-4	0.0881931128422
-3	0.0972117842308
-2	0.0773707071759
-1	0.0660736345944
0	0.27843961245
1	0.558493092412
2	0.278249745684
3	0.307584161043
4	0.28812281752
5	0.225371851332
6	0.179803827474
7	0.178000093196
8	0.161481684548
9	0.166892887381
10	0.127115799888
11	0.127020866505
12	0.120755263224
13	0.106705122535
14	0.0972117842308
15	0.0886677797574
16	0.0970219174648
17	0.0857248448832
18	0.0878133793101
19	0.0931296487602
20	0.0963573837835
21	0.0857248448832
22	0.0930347153772
23	0.0929397819941
24	0.0899968471199
25	0.0898069803539
26	0.087718445927
27	0.0755669728982
28	0.0839211106055
29	0.0918955147807
30	0.0810731091144
31	0.0841109773716
32	0.101483786468
33	0.101293919701
34	0.0887627131405
35	0.082686976626
36	0.0861995117984
37	0.0860096450324
38	0.082592043243
39	0.0853451113511
40	0.0885728463744
41	0.0869589788627
42	0.0827819100091
43	0.0796491083688
44	0.0924651150789
45	0.0930347153772
46	0.0880032460762
47	0.092560048462
48	0.095028316421
49	0.102528053681
50	0.104521654725
51	0.104806454874
52	0.0995851188068
53	0.0981611180612
54	0.106420322386
55	0.109268323877
56	0.0937941824415
57	0.101673653234
58	0.114964326859
59	0.113920059646
60	0.107844323131
61	0.110787258005
62	0.110502457856
63	0.11686299452
64	0.117337661435
65	0.119426195862
66	0.1124960589
67	0.100534452637
68	0.0944587161227
69	0.10594565547
70	0.0894272468217
71	0.103382454128
72	0.121324863522
73	0.116293394221
74	0.111831525219
75	0.107939256514
76	0.110027790941
77	0.105850722087
78	0.104711521491
79	0.118192061882
80	0.111736591836
81	0.103192587362
82	0.103002720596
83	0.0932245821432
84	0.092654981845
85	0.0949333830379
86	0.10186352
87	0.104331787959
88	0.0991104518916
89	0.106230455619
90	0.10594565547
91	0.0981611180612
92	0.109932857558
93	0.108224056663
94	0.123698198098
95	0.145343009431
96	0.117717394967
97	0.124647531929
98	0.112685925666
99	0.111166991537
100	0.115249127008
1550
