-102	0.000167200598839
-101	0.000141915979007
-100	0.000212971968632
-99	0.000177202567894
-98	0.000119575868142
-97	0.000146459126853
-96	0.000149062529058
-95	0.00013985742841
-94	0.000172806135322
-93	0.000179730669753
-92	0.000188128250752
-91	0.000177220424626
-90	0.000145858122966
-89	0.00020106799037
-88	0.000167009814702
-87	0.000173156547377
-86	0.00017220020527
-85	0.000177614493778
-84	0.000155277561071
-83	0.000156696304056
-82	0.000183178676298
-81	0.000179717747307
-80	0.000204137426138
-79	0.000179451305248
-78	0.000203011300021
-77	0.000197260452175
-76	0.000177011789115
-75	0.000141128432491
-74	0.000149406386797
-73	0.000148042361372
-72	0.000172573775127
-71	0.000160488777605
-70	0.000157492135611
-69	0.000165192151142
-68	0.000132417636324
-67	0.000127337281699
-66	0.000138710770749
-65	0.000138667748323
-64	0.00015230632733
-63	0.000148771631936
-62	0.000180822741352
-61	0.000176561924585
-60	0.000184653460997
-59	0.000161119157667
-58	0.000204246345394
-57	0.000251312252715
-56	0.000203666309171
-55	0.000191971640407
-54	0.000189422557023
-53	0.000176004008812
-52	0.000204870532852
-51	0.00020485601213
-50	0.000209577019558
-49	0.00022286962188
-48	0.000238105939774
-47	0.000225812258292
-46	0.000236844536923
-45	0.000224294931932
-44	0.000232875646329
-43	0.000284105907274
-42	0.000232465549215
-41	0.00028139187395
-40	0.000271531489915
-39	0.000289200500951
-38	0.000298946281952
-37	0.000275631251176
-36	0.000269408055333
-35	0.000248422512542
-34	0.000259790605405
-33	0.000313973683098
-32	0.000285866831634
-31	0.000332840216887
-30	0.000378108133516
-29	0.000297451098062
-28	0.000254341153578
-27	0.000267377689712
-26	0.000280791172129
-25	0.000310086420544
-24	0.000297351799474
-23	0.000282055363669
-22	0.000354393155272
-21	0.000346304161332
-20	0.000327176880428
-19	0.000305274695826
-18	0.000267137926515
-17	0.000233828091515
-16	0.000222233743514
-15	0.00026299132302
-14	0.000293522165861
-13	0.0003254729305
-12	0.000349570774647
-11	0.000294713517168
-10	0.000260128225219
-9	0.000277264552502
-8	0.000325812313996
-7	0.000223706539999
-6	0.000292275868199
-5	0.000315788606381
-4	0.000268648693097
-3	0.000237530289628
-2	0.000240805228571
-1	0.000235179182062
0	0.000304304313209
1	0.000591304605993
2	0.00228352515186
3	0.0054162561492
4	0.000847021055302
5	0.00103912039621
6	0.00146062485005
7	0.000444630831502
8	0.000781862692391
9	0.00158887617053
10	0.000451284297748
11	0.000924052230085
12	0.00165149033972
13	0.00043069076166
14	0.00080678720097
15	0.00158325383506
16	0.000339922474747
17	0.000980177953189
18	0.00126135593027
19	0.000348350999315
20	0.000894555199913
21	0.0013455376084
22	0.000320979626654
23	0.00065900188546
24	0.00106364686622
25	0.000272499126343
26	0.000614990192131
27	0.000912567074757
28	0.000236873185133
29	0.000559190675239
30	0.000882112651504
31	0.000239033193234
32	0.000513436503243
33	0.000751634453842
34	0.000209135852003
35	0.000467356483185
36	0.000793869016003
37	0.000206871319491
38	0.000475199104777
39	0.000649776418501
40	0.000178504294894
41	0.000344749719043
42	0.000432800056462
43	0.000143480921026
44	0.000303387440179
45	0.000427905173254
46	0.000141312261477
47	0.000255574899407
48	0.000402509002229
49	0.000131399917333
50	0.00027265495454
51	0.000404415406583
52	0.000138947393282
53	0.000246480237851
54	0.000360362752303
55	0.000115160271437
56	0.000260314210285
57	0.000361449850257
58	0.000146883980398
59	0.000281299890994
60	0.000337692258969
61	0.000132832559357
62	0.000272867448285
63	0.000336101748409
64	0.000119405552073
65	0.000233195369723
66	0.000304121013728
67	0.00012237917626
68	0.000270332940542
69	0.00037930497332
70	0.00012556634935
71	0.000293539669738
72	0.000366917353394
73	0.000122545469399
74	0.000244279955327
75	0.000349012546552
76	0.000131572677994
77	0.000238213334705
78	0.000346254319177
79	0.000118648933132
80	0.000243810274851
81	0.00029998173912
82	0.000102716792537
83	0.000211371572983
84	0.000284260197311
85	0.000112418661106
86	0.000217971788436
87	0.000306459663524
88	0.000117682524278
89	0.000234172452249
90	0.000274151306478
91	0.000104152753372
92	0.000221815941725
93	0.000273293939779
94	0.000104622207033
95	0.000209636741766
96	0.000299407288641
97	0.000110228467623
98	0.000221368358424
99	0.000292282716517
100	0.000104837637796
101	0.000213153583793
102	0.000282762664162
103	9.93866121623e-05
104	0.00023519370312
105	0.000267903384834
106	0.000107550539903
107	0.000215568377239
108	0.000262185632909
109	0.000121130897152
110	0.000217296983002
111	0.000292626384482
112	0.000101686273844
113	0.000224716266051
114	0.000289098091199
115	9.92952708478e-05
116	0.000230603361957
117	0.000263988507011
118	0.000107134819134
119	0.000199117723793
120	0.000264323216302
121	0.0001043689222
122	0.000210824719658
123	0.000254120711765
124	9.68919799172e-05
125	0.00020549133325
126	0.000261760930222
127	9.32696190604e-05
128	0.000206673048382
129	0.00025241547234
130	9.90197935709e-05
131	0.000218444342302
132	0.000294725634038
133	0.000100993527838
134	0.000218743490884
135	0.000267258673131
136	0.000109558132696
137	0.000210065585324
138	0.000241987714094
139	0.000105785731531
140	0.000220390669411
141	0.00024687355381
142	0.00010251714045
143	0.000210906640295
144	0.00025885942165
145	8.43727733031e-05
146	0.000208632322178
147	0.000261534539716
148	8.78777822646e-05
149	0.000220224550973
150	0.000256347544059
151	9.40639465326e-05
152	0.000213977666884
153	0.000231622122292
154	0.000103956274469
155	0.000200542848799
156	0.000259633081598
157	0.000100393872252
158	0.000222365084713
159	0.000248614319763
160	0.000106387872417
161	0.000213327945553
162	0.000309351317309
163	0.000102948187604
164	0.000214894518182
165	0.000272756246654
166	0.000101803077143
167	0.000204078753124
168	0.000236669895257
169	8.8761481335e-05
170	0.000208276164965
171	0.000246283567399
172	9.50166483572e-05
173	0.000204819368814
174	0.000282411939198
175	0.000101889234775
176	0.000237858826743
177	0.000251063789146
178	8.68381866653e-05
179	0.000202876293788
180	0.000268611863358
181	9.06271559642e-05
182	0.000201425885279
183	0.000234009612377
184	8.21419143438e-05
185	0.000177255499715
186	0.000232282105832
187	9.75177488958e-05
188	0.000199159548263
189	0.000243404889105
190	9.77127241709e-05
191	0.000224969486513
192	0.000281944265678
193	8.7199710699e-05
194	0.000231188940571
195	0.000252137129942
196	8.0704595627e-05
197	0.000196733336278
198	0.000246780193473
199	9.1425856954e-05
200	0.000213056366922
201	0.000264403589121
202	9.36075809125e-05
203	0.000214233541926
204	0.000258033313835
205	9.38200247352e-05
206	0.000192458650406
207	0.000230958508684
208	8.8588798134e-05
209	0.00020394232784
210	0.000246912913832
211	8.74123524896e-05
212	0.000189564265093
213	0.000249525306293
214	8.20046181088e-05
215	0.000206994904181
216	0.000242292939235
217	9.33030617193e-05
218	0.000208387678472
219	0.000269830256623
220	8.28628081755e-05
221	0.000212281146475
222	0.000250178155865
223	8.32252487746e-05
224	0.000195628163889
225	0.000244810232919
226	8.45593847158e-05
227	0.000203407194722
228	0.000215825688911
229	7.58353598628e-05
230	0.000208713763126
231	0.000232065776072
232	8.56158144638e-05
233	0.000201210161682
234	0.000232531848459
235	8.64905742189e-05
236	0.000205233689481
237	0.000237872862005
238	7.74054792671e-05
239	0.000189272850912
240	0.000238840328947
241	8.34278651835e-05
242	0.000221609491119
243	0.000241146899181
244	9.51629935693e-05
245	0.00020423476618
246	0.000236955025966
247	8.1608800436e-05
248	0.00021655959502
249	0.000239606224002
250	8.8411640372e-05
251	0.000199367446978
252	0.00023240686299
253	9.24280879462e-05
254	0.000209967376754
255	0.000236097396897
256	8.6382035337e-05
257	0.000229587658892
258	0.000240593081496
259	8.37385902575e-05
260	0.000208610203992
261	0.000217976424039
262	7.64231507976e-05
263	0.000205806411008
264	0.000248066907165
265	8.33842238149e-05
266	0.000214930062738
267	0.000240465527539
268	9.65606541907e-05
269	0.000194923391845
270	0.000221993278873
271	8.36100561824e-05
272	0.000202802213309
273	0.000248027467119
274	8.54738443158e-05
275	0.000200980547099
276	0.00025381169337
277	8.54751076694e-05
278	0.000203346044873
279	0.000237660661395
280	8.55135351587e-05
281	0.000203527424715
282	0.000245771565137
283	8.88487244268e-05
284	0.000235341025763
285	0.000251300657508
286	9.11035690915e-05
287	0.000246628932289
288	0.000250708721045
289	8.8232862563e-05
290	0.000192225105339
291	0.000219304709999
292	7.9460622425e-05
293	0.000200581651535
294	0.000246261959751
295	8.3966929681e-05
296	0.00019170748193
297	0.000236439142701
298	8.61742936637e-05
299	0.000209977866732
300	0.00023372694279
301	8.14053727649e-05
302	0.000206348184706
1526
