-102	0.00014347972539
-101	0.000221923823663
-100	0.000469509078549
-99	0.000251609828225
-98	0.000157726983546
-97	0.000195639915009
-96	0.000216416867279
-95	0.000266276275102
-94	0.000387054795956
-93	0.000259238191191
-92	0.000241464471829
-91	0.000206726198651
-90	0.000200000666806
-89	0.000180564653229
-88	0.000171137383497
-87	0.000225529914839
-86	0.000236945832354
-85	0.000227058492339
-84	0.000182819235213
-83	0.000205852958025
-82	0.00020622122392
-81	0.000334713604328
-80	0.000274273702844
-79	0.000259812518344
-78	0.000279606947817
-77	0.000360221078582
-76	0.000344241315245
-75	0.000219060999068
-74	0.000264860746303
-73	0.000227691561471
-72	0.000263717002701
-71	0.000284217727446
-70	0.00021496620736
-69	0.000248962976611
-68	0.000266156606991
-67	0.000244876773775
-66	0.000200804398756
-65	0.000178687733568
-64	0.000279479543934
-63	0.000241980393159
-62	0.000227363191113
-61	0.000256782029137
-60	0.000231605755381
-59	0.000245137094202
-58	0.000343855607879
-57	0.000274520984568
-56	0.000321823436882
-55	0.000307264847478
-54	0.000305510359448
-53	0.000296752928389
-52	0.000383225286249
-51	0.000332276040997
-50	0.000352933353283
-49	0.00050005704419
-48	0.000457368801357
-47	0.000331377893573
-46	0.000427894099992
-45	0.000424002736767
-44	0.000607054194144
-43	0.00057737206966
-42	0.00053335382767
-41	0.000576228778762
-40	0.000520355323029
-39	0.00053945769593
-38	0.000493105742401
-37	0.000559628513701
-36	0.000591803515752
-35	0.000522836809218
-34	0.000552627581649
-33	0.000706910870037
-32	0.000732870914579
-31	0.00104071486487
-30	0.00136601587883
-29	0.000952658129594
-28	0.000788420657163
-27	0.000915458713481
-26	0.00086714032685
-25	0.000831311778363
-24	0.000850523116548
-23	0.000929940925017
-22	0.00120498050818
-21	0.00113253169203
-20	0.000814329100958
-19	0.000713562189275
-18	0.000616443316961
-17	0.000490704697057
-16	0.000504626062547
-15	0.000567388216899
-14	0.000679050472585
-13	0.000659336319871
-12	0.000695089670021
-11	0.000589057463189
-10	0.00047008722401
-9	0.000439310710928
-8	0.000568892440952
-7	0.000407158806525
-6	0.000579379273691
-5	0.000591447360225
-4	0.000427841705127
-3	0.000338468433001
-2	0.000382371506938
-1	0.000293917775967
0	0.000411421645139
1	0.000810193319145
2	0.00190309874157
3	0.00466514138731
4	0.0010105237556
5	0.000973448752878
6	0.00147539331026
7	0.000552509288377
8	0.000834135855402
9	0.00158367103914
10	0.00062680827795
11	0.000917551153158
12	0.00179495449057
13	0.000431018577696
14	0.000647023397851
15	0.00128181175997
16	0.00041264449507
17	0.00100465879826
18	0.00167318157949
19	0.000503683794411
20	0.000938207272514
21	0.00126678275162
22	0.000445613513792
23	0.000545137298768
24	0.000750049418351
25	0.000306228156809
26	0.000659178165789
27	0.000946388196851
28	0.000286494171368
29	0.000457348615877
30	0.000699045668562
31	0.000256337334173
32	0.000427577017549
33	0.000553730895484
34	0.000234165104332
35	0.000498679093131
36	0.000569609433288
37	0.000229548772346
38	0.000412628110292
39	0.000573075206489
40	0.000191859077133
41	0.0003644372138
42	0.00034359115057
43	0.000153314126703
44	0.000274649483764
45	0.000394136278623
46	0.000180244209374
47	0.000281733930713
48	0.000326091885177
49	0.00013094490506
50	0.00035554975617
51	0.000519048167695
52	0.000192346348533
53	0.000217145898434
54	0.000362272156661
55	0.000130820278039
56	0.000297587550884
57	0.000421520255066
58	0.000206142481092
59	0.000255262251622
60	0.00034391529
61	0.000163625856424
62	0.000292441876754
63	0.000317157208504
64	0.000127191310076
65	0.000222469865276
66	0.000302760421538
67	0.000134222769829
68	0.000220851786224
69	0.000453628855413
70	0.000167085806446
71	0.000347468267066
72	0.000348379459131
73	0.000125327385479
74	0.00023839661321
75	0.000287966004217
76	0.000128323139744
77	0.000217044154753
78	0.000284398919791
79	0.000113546418026
80	0.000172109894389
81	0.000252268445169
82	0.000114841090506
83	0.000165577584294
84	0.000210664869751
85	0.000117852650784
86	0.000203640602935
87	0.000305255775142
88	0.0001472027259
89	0.000236912310781
90	0.000266173825485
91	0.000116994908768
92	0.000190686195046
93	0.000262442908867
94	0.000131152009686
95	0.000215541171588
96	0.000280019196819
97	0.000131245580221
98	0.000183096913567
99	0.00026636573905
100	0.000111474283797
101	0.000192511482609
102	0.000260940979438
103	9.71480169598e-05
104	0.000209442246596
105	0.000237033245343
106	0.000111469289392
107	0.000177847298642
108	0.000233224113601
109	0.000116586092567
110	0.000176343863855
111	0.000239026678185
112	0.000108149422331
113	0.000225167687211
114	0.000208431792133
115	0.000120744030512
116	0.000228884348176
117	0.00018262798489
118	0.000116397757076
119	0.000181341216034
120	0.00024623030222
121	0.000116230032133
122	0.00016075799419
123	0.000232225715049
124	9.19000626425e-05
125	0.00015782619414
126	0.000187498888841
127	8.7245437214e-05
128	0.000148281371685
129	0.000147332670463
130	8.52445940901e-05
131	0.000181732568641
132	0.000228087366606
133	0.000100676338794
134	0.000168571277294
135	0.000239823618769
136	0.000117128536138
137	0.000192495115531
138	0.000245364326562
139	0.000102793441194
140	0.000192062080652
141	0.000213130815738
142	8.13941203492e-05
143	0.000165197458257
144	0.000233094210984
145	8.02531093787e-05
146	0.000181168774519
147	0.000188583537148
148	8.42384462092e-05
149	0.000216943865203
150	0.000218314619033
151	9.98071879628e-05
152	0.000200148957184
153	0.000215284894851
154	0.0001032246023
155	0.000178561388684
156	0.000219833600058
157	9.21487328155e-05
158	0.000215484690688
159	0.000292854545906
160	0.000138287453309
161	0.000172073408765
162	0.000229777288309
163	0.000115131402177
164	0.000202925836961
165	0.000200448255525
166	0.000106740580942
167	0.000157756583763
168	0.000174492167657
169	8.03333157697e-05
170	0.000159425861283
171	0.00024368992829
172	9.33411275509e-05
173	0.000215993793603
174	0.000264828844496
175	0.000132655715399
176	0.000207197101186
177	0.000204871348514
178	8.03517597063e-05
179	0.000182594145479
180	0.000188004830905
181	9.69538340391e-05
182	0.000177750522384
183	0.000187463790316
184	0.00010432758878
185	0.000177541081279
186	0.000216373328633
187	0.000112582872639
188	0.000192886122003
189	0.000246191139866
190	8.9937077524e-05
191	0.00016876643109
192	0.0002632697618
193	8.73830967596e-05
194	0.000199828758248
195	0.000205447789043
196	0.000101768459727
197	0.000182653516125
198	0.000198665980545
199	8.00729086907e-05
200	0.00018003270582
201	0.000242298764202
202	0.000101048665962
203	0.000197233883649
204	0.000244387152277
205	0.000114002604946
206	0.000188046505489
207	0.000195196989118
208	9.8705585648e-05
209	0.00024750231738
210	0.000217557753015
211	9.89983716708e-05
212	0.000139282075151
213	0.000162683831242
214	6.51210361447e-05
215	0.000147289329778
216	0.000158751398279
217	8.36907408727e-05
218	0.000146787224648
219	0.000166737151479
220	6.74281932993e-05
221	0.00015548894051
222	0.000152088993976
223	9.8956463896e-05
224	0.000160433184704
225	0.000200547967767
226	8.16601642218e-05
227	0.000185443087282
228	0.00020680252411
229	8.89722738924e-05
230	0.000193165782115
231	0.000208092228548
232	9.78959324082e-05
233	0.000208389857003
234	0.000188368313432
235	8.14712986146e-05
236	0.000152022205185
237	0.000196209471828
238	8.82625635211e-05
239	0.000180486918024
240	0.000174528214473
241	9.06140682847e-05
242	0.00021199612192
243	0.000216157451915
244	9.80970124569e-05
245	0.000202198486621
246	0.000202514014156
247	7.72215143807e-05
248	0.00017309349395
249	0.000213923639534
250	8.65446763876e-05
251	0.000165466033407
252	0.000184048521384
253	0.000100610895061
254	0.000182614327627
255	0.000220719703644
256	0.000117737056964
257	0.000170508387961
258	0.000205057895049
259	9.14352537061e-05
260	0.000195644697348
261	0.000168285295199
262	8.33006452421e-05
263	0.000167849482019
264	0.000220534378338
265	7.91727854205e-05
266	0.000164908624162
267	0.00023153791255
268	0.000105394072073
269	0.000167855042895
270	0.000171267373037
271	8.94748134154e-05
272	0.000179809917772
273	0.000207474111498
274	8.62052804317e-05
275	0.000208914822571
276	0.000256909248383
277	8.40443493544e-05
278	0.000172571079433
279	0.000197171009787
280	8.2565890648e-05
281	0.000200324130891
282	0.000204995326535
283	8.93214188879e-05
284	0.000206762885793
285	0.000245762889962
286	0.000113035953001
287	0.000316994692569
288	0.000285501590163
289	8.94058194552e-05
290	0.000207443445551
291	0.00024493976072
292	0.000100510019691
293	0.000233556600537
294	0.000240907905854
295	9.07561645262e-05
296	0.000194010539718
297	0.000252799180388
298	0.000105805102252
299	0.000189720793211
300	0.000165895648062
301	7.48206348772e-05
302	0.000169864122711
241
