-102	0.000157852684383
-101	0.000247435997822
-100	0.000667703797246
-99	0.000450642331423
-98	0.000241838692228
-97	0.000372463520955
-96	0.000306608808359
-95	0.000370645140371
-94	0.000572931094811
-93	0.000461677467356
-92	0.000314278412074
-91	0.000265911754973
-90	0.000237901082803
-89	0.000266234896816
-88	0.000335820893825
-87	0.000464309673197
-86	0.000391707017783
-85	0.000361972687881
-84	0.000289741488143
-83	0.000286783664888
-82	0.00037023273993
-81	0.000495879381757
-80	0.000449225741973
-79	0.000410678185857
-78	0.000503344590277
-77	0.000545631962144
-76	0.000457911269968
-75	0.00030393546186
-74	0.000376043422281
-73	0.000222428391273
-72	0.000281068979302
-71	0.000261164609662
-70	0.000314822301406
-69	0.000274404389059
-68	0.000338403604514
-67	0.000298522401191
-66	0.000283520789703
-65	0.000241195284483
-64	0.000398279762447
-63	0.000347864025463
-62	0.000299254791072
-61	0.000423114815561
-60	0.000386908378401
-59	0.000285771821297
-58	0.000596687106886
-57	0.000762240832682
-56	0.000448884430732
-55	0.000411092788426
-54	0.000425777054151
-53	0.000346859620212
-52	0.000500369994381
-51	0.000565919709136
-50	0.000521736422365
-49	0.000701828509636
-48	0.000721479425156
-47	0.000461631531534
-46	0.000643631603865
-45	0.000643977438794
-44	0.000765850347116
-43	0.000747692594071
-42	0.000665675501488
-41	0.000907131420709
-40	0.000883690611441
-39	0.000798271075689
-38	0.000779331104948
-37	0.000884921529465
-36	0.00093733300613
-35	0.000768728005253
-34	0.000897196421801
-33	0.00117600817579
-32	0.00108710925785
-31	0.0015053508983
-30	0.00218447466344
-29	0.00147730527977
-28	0.00120859361938
-27	0.0012482543937
-26	0.00142001643286
-25	0.00133625014194
-24	0.00151245354888
-23	0.00140386373136
-22	0.00185811485541
-21	0.00171101660126
-20	0.00119533056351
-19	0.00099246234633
-18	0.000960152726195
-17	0.000726765225795
-16	0.000749152476164
-15	0.000964679556978
-14	0.00103459411203
-13	0.000997658522638
-12	0.00110499528191
-11	0.00089181620667
-10	0.000779033197122
-9	0.000687655309033
-8	0.000855517239598
-7	0.000546883461544
-6	0.000868935951122
-5	0.000978738080577
-4	0.000586273016572
-3	0.000560718142317
-2	0.000580308953859
-1	0.000393698797077
0	0.000650203039239
1	0.00120498904834
2	0.00340235719911
3	0.00932846549868
4	0.00144621663962
5	0.00158971868499
6	0.00236052773074
7	0.00065322802109
8	0.00107066001986
9	0.00215436462246
10	0.000742335746029
11	0.00140008943718
12	0.00292726410133
13	0.000654551967976
14	0.00106776446906
15	0.00184260207114
16	0.000532761023636
17	0.00140516473122
18	0.00239463101161
19	0.000550944070733
20	0.00142316678973
21	0.00186186044619
22	0.000511044056682
23	0.000714337038581
24	0.000952493960367
25	0.000370298740073
26	0.00100643034359
27	0.00135558380409
28	0.00030384489893
29	0.000629488652332
30	0.00104134096339
31	0.0003172072379
32	0.000572456008892
33	0.000743259459928
34	0.000266926788725
35	0.000633036841137
36	0.000865096290685
37	0.000254894694072
38	0.000623413670579
39	0.000820017433093
40	0.000241501895004
41	0.000455554750878
42	0.000435964118588
43	0.000195953043399
44	0.000350453136273
45	0.000484388742842
46	0.000170607097722
47	0.000367139650147
48	0.000467529947072
49	0.000177917978782
50	0.000374062001869
51	0.000629521537833
52	0.000185358390322
53	0.000317053227223
54	0.000459449394263
55	0.000170390723007
56	0.000346297419179
57	0.000633078355593
58	0.000254559276492
59	0.000453713275379
60	0.000559207860055
61	0.000169959442671
62	0.00040112996093
63	0.00045037706214
64	0.00015008203998
65	0.000320404891916
66	0.000436814263096
67	0.000198667575605
68	0.000286370385024
69	0.000637603478866
70	0.000208732748388
71	0.000480768292034
72	0.000542228067373
73	0.000179858633616
74	0.000320084763006
75	0.000379352040487
76	0.000181526860877
77	0.000312840223373
78	0.000400695991676
79	0.000159348731608
80	0.000303187537999
81	0.000346300797608
82	0.000111331619019
83	0.000250376533471
84	0.000309973884752
85	0.000145769946786
86	0.000235164373663
87	0.000448370227007
88	0.00016143602185
89	0.000347661078242
90	0.000385838422429
91	0.000135047537815
92	0.000265909235726
93	0.00035143281569
94	0.000163183885786
95	0.000287573947142
96	0.000375329589912
97	0.000166595404683
98	0.000274159129202
99	0.000367286170781
100	0.000150052588459
101	0.000257181884447
102	0.000367983266321
103	0.000117498249522
104	0.00027280829661
105	0.000381825525359
106	0.000141903144316
107	0.000275663397073
108	0.000380667632591
109	0.000183734656805
110	0.00022404941033
111	0.000374077051972
112	0.000140577239166
113	0.000276700026631
114	0.000294063455101
115	0.000134277180831
116	0.00032603236741
117	0.000365788013573
118	0.000149854334544
119	0.000282673314876
120	0.000365883565802
121	0.00013886095017
122	0.000257330606713
123	0.000309392448847
124	0.000145200906785
125	0.000246498727663
126	0.000289465795806
127	0.000119274902178
128	0.000211738708332
129	0.000247186229959
130	0.000117123876182
131	0.000203848499637
132	0.000305341745564
133	0.000132095548448
134	0.000227789402357
135	0.00036136448126
136	0.000171627742671
137	0.000229333385248
138	0.000334849986157
139	0.00013734652483
140	0.000245118195695
141	0.000291994351513
142	0.000115826068383
143	0.000208567299155
144	0.000304575647837
145	0.000129215715187
146	0.000266710608888
147	0.000365311375971
148	9.47525567727e-05
149	0.000344124639875
150	0.000314820433949
151	0.000145859056215
152	0.000280067860779
153	0.00025534272616
154	0.000120227318503
155	0.000253734938765
156	0.000398444929255
157	0.000105503469964
158	0.000284496145403
159	0.000407195830469
160	0.00015339686312
161	0.000233621463065
162	0.000319948684062
163	0.000127259488489
164	0.000275579629974
165	0.000308072818821
166	0.000145188522633
167	0.000195052504428
168	0.000273099893005
169	0.000129867763941
170	0.000271207893771
171	0.000351584963519
172	0.000168059651175
173	0.000331790218491
174	0.000517156938292
175	0.000141097585717
176	0.000323131353796
177	0.000324212983756
178	0.000130846191655
179	0.00024892769275
180	0.000332776339375
181	0.000133126525515
182	0.000212957899169
183	0.000308107121788
184	0.000133293398906
185	0.000282296625667
186	0.000327480417983
187	0.000137579116726
188	0.000260902776937
189	0.000350390517918
190	0.00010714334738
191	0.000287623857352
192	0.000382973801039
193	0.000125029844778
194	0.000240018101579
195	0.000330023401411
196	0.000116044962368
197	0.000211433916428
198	0.000281731200644
199	0.000119263166701
200	0.000245428627388
201	0.000363889844168
202	0.000149745492463
203	0.000280890026084
204	0.000322824410287
205	0.000147120567164
206	0.0002747218771
207	0.000362212605882
208	0.000121799991472
209	0.000353851105918
210	0.00035106066253
211	0.000107892749295
212	0.000179130953116
213	0.00031630122426
214	8.42638386037e-05
215	0.000241007544009
216	0.000252841589971
217	0.000138096806318
218	0.000204650239294
219	0.000286390855489
220	7.52699172562e-05
221	0.000212312829079
222	0.000226852465407
223	0.000119298381557
224	0.000214752234357
225	0.000261216231393
226	7.85445875454e-05
227	0.000257550274605
228	0.000245331806096
229	9.21597325716e-05
230	0.000267007205855
231	0.000279773946963
232	0.000131157447578
233	0.00030760431702
234	0.000282777272413
235	9.70993255038e-05
236	0.000227323486128
237	0.000291248577388
238	0.000107184470538
239	0.0002585576338
240	0.000277911926216
241	0.000101952844684
242	0.00030138017774
243	0.000221959702625
244	0.000128247341329
245	0.000291115362565
246	0.000255265429102
247	0.000130585714794
248	0.000225352057911
249	0.000252556581369
250	0.000130446183676
251	0.000203804400997
252	0.000277180663554
253	9.92243338079e-05
254	0.000251878635256
255	0.000289408475862
256	0.000124744888027
257	0.000284180892231
258	0.000239663924854
259	0.000111051168171
260	0.000286094386737
261	0.000251056485086
262	8.5451119822e-05
263	0.000256883993251
264	0.000292137829959
265	0.000107407704418
266	0.000251078801848
267	0.000303015050654
268	0.000151417064145
269	0.00026580069405
270	0.000239563702452
271	0.000130993814137
272	0.000271533444911
273	0.000298614500035
274	0.000113415216565
275	0.00031960259472
276	0.000367920853563
277	0.000104055892521
278	0.000222604713755
279	0.000254571229829
280	7.52049234105e-05
281	0.000273473194343
282	0.00025115773438
283	9.61246465131e-05
284	0.000342837549299
285	0.000399444581288
286	0.000192093853377
287	0.000423726566866
288	0.000418740680945
289	0.000120155030676
290	0.00026269833629
291	0.000318008786854
292	0.000107820094121
293	0.000272358926026
294	0.000359920882794
295	0.000124885671535
296	0.000277050642512
297	0.000269034263014
298	9.94521111523e-05
299	0.000244052379512
300	0.000216295471843
301	8.62564387253e-05
302	0.0002104144117
202
