-102	0.0413080553741
-101	0.0354089802838
-100	0.0397533730227
-99	0.0392012428419
-98	0.0321688479065
-97	0.037443144108
-96	0.0351183854517
-95	0.036861954444
-94	0.0347551419117
-93	0.0384021070537
-92	0.0433858084232
-91	0.0370508410848
-90	0.0449840799994
-89	0.0422960778031
-88	0.0380969824801
-87	0.0412208769245
-86	0.0370217816016
-85	0.0409738713173
-84	0.0438071709296
-83	0.041642239431
-82	0.0449550205162
-81	0.0647590583195
-80	0.0513771663042
-79	0.0456815075963
-78	0.0445772472345
-77	0.043066154108
-76	0.0460592808779
-75	0.048282331343
-74	0.0436182842888
-73	0.0400584975964
-72	0.0449840799994
-71	0.0414678825317
-70	0.0450857881906
-69	0.0448242528418
-68	0.0440396467953
-67	0.0398260217307
-66	0.0402619139788
-65	0.0411772876997
-64	0.040073027338
-63	0.0451729666402
-62	0.0494447106712
-61	0.0507669171569
-60	0.0752350020145
-59	0.0503746141337
-58	0.0538326926349
-57	0.0579591392499
-56	0.071529917906
-55	0.0794631568206
-54	0.0566224030225
-53	0.0522634805419
-52	0.0602693681646
-51	0.0600804815237
-50	0.0546463581646
-49	0.0648752962524
-48	0.0636693276994
-47	0.057552306485
-46	0.0708906092755
-45	0.0649915341852
-44	0.0599787733325
-43	0.0676650066399
-42	0.064962474702
-41	0.0674761199991
-40	0.0737965575959
-39	0.0782862477509
-38	0.0756127752961
-37	0.0673453523247
-36	0.0720239291205
-35	0.0806255361488
-34	0.0727794756838
-33	0.0755110671049
-32	0.0730700705158
-31	0.0694957540818
-30	0.0731427192238
-29	0.0900408087068
-28	0.113375573719
-27	0.0753948291721
-26	0.100458633435
-25	0.091784377699
-24	0.0800443464847
-23	0.0753221804641
-22	0.0871784496112
-21	0.087004092712
-20	0.0834588357612
-19	0.0761794352186
-18	0.0719658101541
-17	0.0695538730482
-16	0.0638872738234
-15	0.0638582143402
-14	0.0780392421437
-13	0.0805238279576
-12	0.0802477628671
-11	0.0766879761747
-10	0.0745811636424
-9	0.07174786403
-8	0.0811776663297
-7	0.063465911317
-6	0.0756418347793
-5	0.0767315653995
-4	0.0739563847535
-3	0.0699752355546
-2	0.0637129169242
-1	0.0583514422731
0	0.0564335163817
1	0.125144664417
2	0.456945843637
3	1.41881473768
4	0.218759789558
5	0.262566960487
6	0.459488548418
7	0.126655757544
8	0.220750364157
9	0.542264486323
10	0.112649086639
11	0.211422270049
12	0.559685646504
13	0.0973056795077
14	0.178817529894
15	0.558319850794
16	0.0849553991461
17	0.27692234519
18	0.404885779478
19	0.085144285787
20	0.171145826328
21	0.418718093483
22	0.0726051187846
23	0.15183579974
24	0.337569486636
25	0.0708615497923
26	0.187680672271
27	0.33180117922
28	0.0600804815237
29	0.1213669316
30	0.273827510229
31	0.0587728047796
32	0.111820891368
33	0.231545962167
34	0.0500694895601
35	0.10430901496
36	0.218948676199
37	0.0594411728933
38	0.15020846868
39	0.262639609195
40	0.0498370136944
41	0.0908544742365
42	0.157153685166
43	0.0381405717049
44	0.0771529279059
45	0.152431519145
46	0.0380969824801
47	0.0711376148828
48	0.146532444055
49	0.0361064078807
50	0.0767025059163
51	0.1271642985
52	0.0358884617566
53	0.0686820885521
54	0.120771212195
55	0.032226966873
56	0.0722128157613
57	0.140676958189
58	0.0362807647799
59	0.0712102635908
60	0.114959315554
61	0.0334765246507
62	0.0646718798699
63	0.119231059585
64	0.0342466009556
65	0.0687692670017
66	0.126873703668
67	0.0388961182682
68	0.0806691253736
69	0.149511041083
70	0.0402473842372
71	0.0809597202056
72	0.137698361161
73	0.0323141453226
74	0.0664880975702
75	0.119754130283
76	0.0337525897412
77	0.0658923781645
78	0.115031964262
79	0.0329243944698
80	0.0715589773892
81	0.116223403073
82	0.0309338198704
83	0.0575377767434
84	0.103538938655
85	0.0296987918342
86	0.0596591190173
87	0.119318238035
88	0.0343918983716
89	0.057770252609
90	0.100705639043
91	0.0301782733071
92	0.0606326117046
93	0.125420729507
94	0.0303090409815
95	0.0618531099992
96	0.125972859688
97	0.0310500578032
98	0.0560848025832
99	0.0938766604897
100	0.0257031128937
101	0.0572181224282
102	0.0992236053992
103	0.0279697525836
104	0.0577847823506
105	0.100749228267
106	0.0304979276223
107	0.0543557633326
108	0.105209858939
109	0.0302073327903
110	0.0566805219889
111	0.0993253135904
112	0.0275629198188
113	0.0513626365626
114	0.0975381553734
115	0.0280424012916
116	0.0582933233067
117	0.113491811652
118	0.0265458379066
119	0.0537745736685
120	0.097697982531
121	0.02503474478
122	0.052989967622
123	0.0958962945724
124	0.0250202150384
125	0.0562882189657
126	0.092845048836
127	0.0249185068472
128	0.0560848025832
129	0.0974364471822
130	0.0269962598963
131	0.0581480258907
132	0.113840525451
133	0.026458659457
134	0.0605744927382
135	0.100531282143
136	0.0247732094312
137	0.0588163940044
138	0.111617474986
139	0.0289868344957
140	0.0615334556839
141	0.104933793849
142	0.026676605581
143	0.0522780102835
144	0.0962595381124
145	0.0249475663304
146	0.0527865512396
147	0.108769645632
148	0.0238868951935
149	0.0554890831776
150	0.125943800205
151	0.0255432857361
152	0.0611702121439
153	0.0994560812648
154	0.0254851667697
155	0.0626958350121
156	0.0990783079832
157	0.0258048210849
158	0.0617223423248
159	0.118054150515
160	0.0319654315241
161	0.0570001763041
162	0.0993253135904
163	0.026240713333
164	0.0595428810845
165	0.109132889172
166	0.02766462801
167	0.0568112896633
168	0.0981193450374
169	0.0238868951935
170	0.0553728452447
171	0.0968116682933
172	0.0241339008007
173	0.0565933435393
174	0.106110702918
175	0.0272432655035
176	0.062114645348
177	0.10422183651
178	0.0232766460462
179	0.0537019249605
180	0.103364581756
181	0.0237270680359
182	0.0528301404644
183	0.0955330510323
184	0.0234074137206
185	0.0529754378804
186	0.102623564934
187	0.0254706370281
188	0.0523942482164
189	0.0965210734612
190	0.0242937279583
191	0.0541378172086
192	0.0970296144173
193	0.024962096072
194	0.0572471819114
195	0.0965791924276
196	0.023610830103
197	0.0583078530483
198	0.106561124908
199	0.0250056852968
200	0.0593249349604
201	0.100778287751
202	0.0246569714984
203	0.0593539944436
204	0.0962304786292
205	0.0225356292245
206	0.0577847823506
207	0.104861145141
208	0.0231458783718
209	0.0589181021956
210	0.115584094443
211	0.0236544193278
212	0.0532660327125
213	0.0929758165104
214	0.0225501589661
215	0.0523651887331
216	0.0985552372855
217	0.021968969302
218	0.0567095814721
219	0.118170388448
220	0.0255287559945
221	0.0615770449087
222	0.0982501127119
223	0.0220125585268
224	0.0482387421182
225	0.0982646424535
226	0.0219399098188
227	0.0552275478287
228	0.0911595988101
229	0.0223322128421
230	0.0553001965367
231	0.091493782867
232	0.0216929042116
233	0.05569249956
234	0.0919587345983
235	0.0255287559945
236	0.0505053818081
237	0.0977996907222
238	0.0213151309299
239	0.0533532111621
240	0.11093457713
241	0.0224339210333
242	0.0544720012654
243	0.0967971385517
244	0.0236834788111
245	0.0525104861492
246	0.0956202294819
247	0.0207775304907
248	0.0540651685006
249	0.101562893797
250	0.0261390051418
251	0.0617659315496
252	0.119129351394
253	0.0250638042632
254	0.0573779495858
255	0.10693889819
256	0.0224048615501
257	0.0584822099475
258	0.102332970102
259	0.0222305046509
260	0.0581044366659
261	0.108362812867
262	0.0247150904648
263	0.0598625353997
264	0.103161165373
265	0.0251655124544
266	0.0586275073636
267	0.0987005347015
268	0.0208211197155
269	0.0589616914204
270	0.113709757776
271	0.0275774495604
272	0.0706145441851
273	0.111980718526
274	0.0232766460462
275	0.0647154690947
276	0.118083209998
277	0.0257321723769
278	0.0602693681646
279	0.100996233875
280	0.0237997167439
281	0.054268584883
282	0.104556020567
283	0.0223903318085
284	0.0625505375961
285	0.0990783079832
286	0.0211553037723
287	0.059121518578
288	0.0961433001796
289	0.0200510434106
290	0.0503891438753
291	0.0920895022727
292	0.0182057662271
293	0.0504182033585
294	0.100836406717
295	0.0210681253227
296	0.0585112694307
297	0.101533834314
298	0.0217074339532
299	0.0541668766918
300	0.102420148552
301	0.0222014451677
302	0.0554454939527
7741
