-102	0.0391696267361
-101	0.0390849051209
-100	0.0490538151698
-99	0.0404122104249
-98	0.0401015645027
-97	0.0515389825475
-96	0.0419654400359
-95	0.0484325233254
-94	0.0440269993378
-93	0.0456367100256
-92	0.0441964425681
-91	0.0417959968056
-90	0.0400450834259
-89	0.0527815662363
-88	0.0447330127974
-87	0.0399886023492
-86	0.0459191154094
-85	0.0456367100256
-84	0.0425020102652
-83	0.0508047285495
-82	0.0741031727148
-81	0.0556903416896
-80	0.0537135040029
-79	0.0533181364655
-78	0.0475570666356
-77	0.0460038370246
-76	0.0442246831065
-75	0.0425867318803
-74	0.0441682020297
-73	0.0436033912621
-72	0.0463992045619
-71	0.04049693204
-70	0.0486019665557
-69	0.0438857966459
-68	0.0429538588793
-67	0.0393673105047
-66	0.0380400052008
-65	0.0407228563471
-64	0.0460038370246
-63	0.0462015207932
-62	0.0481501179416
-61	0.0556621011513
-60	0.0520473122383
-59	0.0486019665557
-58	0.0550408093068
-57	0.0749221483279
-56	0.0614514115196
-55	0.0586555982198
-54	0.05009871509
-53	0.0509741717798
-52	0.0564245956876
-51	0.0525838824676
-50	0.0571588496855
-49	0.0637388951286
-48	0.0617338169034
-47	0.0554361768442
-46	0.065179162586
-45	0.063625932975
-44	0.0724087404119
-43	0.0683703434232
-42	0.0674101651182
-41	0.0702907000332
-40	0.0734253997936
-39	0.0807961803114
-38	0.0831683855355
-37	0.0735101214088
-36	0.0984465168002
-35	0.230527514814
-34	0.0819540423851
-33	0.0848628178384
-32	0.0920641551259
-31	0.0768989860146
-30	0.0910192552057
-29	0.369499204192
-28	0.517874992852
-27	0.176898732426
-26	0.341315146887
-25	0.331515680068
-24	0.143546656597
-23	0.194859714837
-22	0.150860956038
-21	0.142275832369
-20	0.162128930852
-19	0.0842132854556
-18	0.107991818773
-17	0.151934096496
-16	0.107539970159
-15	0.0961590331913
-14	0.0879410365221
-13	0.0945493225035
-12	0.0910192552057
-11	0.0811068262336
-10	0.0703754216484
-9	0.0793276723155
-8	0.0876303905999
-7	0.0610560439823
-6	0.0746962240208
-5	0.0776897210893
-4	0.0586838387581
-3	0.0628069573619
-2	0.0592204089874
-1	0.053572301311
0	0.0639648194356
1	0.141598059448
2	0.649137015253
3	1.50081517178
4	0.248375535071
5	0.286217856503
6	0.476446123046
7	0.147472091432
8	0.271730460313
9	0.581020836675
10	0.140044829837
11	0.281416964978
12	0.605081775376
13	0.128409728024
14	0.312340354507
15	0.815869153861
16	0.18782782078
17	1.2191722825
18	1.38375814019
19	0.248262572918
20	0.62352284694
21	0.563596424493
22	0.151962337034
23	0.265602263484
24	0.85097214307
25	0.262072196187
26	1.94402218115
27	1.21160381821
28	0.154588707104
29	0.21191700002
30	0.762551017395
31	0.143405453905
32	0.267917987632
33	0.317028283878
34	0.0785934183176
35	0.45385369234
36	0.561591346268
37	0.262919412338
38	0.662523030446
39	0.73244660348
40	0.100112708565
41	0.168200646604
42	0.277802176065
43	0.0568482037633
44	0.13806799215
45	0.224597001753
46	0.0475570666356
47	0.0914428632815
48	0.184410715636
49	0.0471334585598
50	0.0965261601903
51	0.125303268802
52	0.0441399614913
53	0.0899178742088
54	0.11539083983
55	0.0468228126376
56	0.107737653928
57	0.176164478428
58	0.0452131019499
59	0.0951141332711
60	0.0987854032608
61	0.0381529673543
62	0.10228723002
63	0.121744960966
64	0.0631458438225
65	0.148884118351
66	0.229906222969
67	0.0544759985392
68	0.152668350494
69	0.210504973101
70	0.0575542172229
71	0.108556629541
72	0.165517795458
73	0.0437728344924
74	0.0930525739692
75	0.13213747909
76	0.0422760859581
77	0.0951706143479
78	0.135272178851
79	0.0369386242039
80	0.11748063967
81	0.130527768402
82	0.0341992919808
83	0.0720980944897
84	0.0932502577379
85	0.043010339956
86	0.0662240625062
87	0.0920923956643
88	0.0458343937943
89	0.133662468163
90	0.168031203374
91	0.047811231481
92	0.145692937514
93	0.126630574106
94	0.0388024997371
95	0.0671277597344
96	0.0900873174391
97	0.0353571540545
98	0.0624963114397
99	0.0831683855355
100	0.0344534568262
101	0.097175692573
102	0.121519036658
103	0.0297372869164
104	0.063993059974
105	0.0762776941702
106	0.0374751944331
107	0.105534891934
108	0.175232540661
109	0.0443941263368
110	0.0826035747678
111	0.0838461584567
112	0.0297655274548
113	0.0609713223671
114	0.0768142643995
115	0.0401580455794
116	0.0848063367617
117	0.130273603557
118	0.0346793811333
119	0.0636541735134
120	0.0889859364422
121	0.0292289572255
122	0.0578648631451
123	0.0758540860945
124	0.0271391573853
125	0.0569329253785
126	0.073820767331
127	0.0249363953915
128	0.052838047313
129	0.0666759111203
130	0.0286923869963
131	0.0682009001929
132	0.0901437985159
133	0.0293136788407
134	0.0592204089874
135	0.0753175158652
136	0.0310081111436
137	0.0843544881475
138	0.107455248544
139	0.0351594702858
140	0.113837610219
141	0.137418459768
142	0.0597287386783
143	0.123298190577
144	0.112227899531
145	0.0365997377433
146	0.0775202778591
147	0.119796363817
148	0.0292007166872
149	0.075006869943
150	0.132419884474
151	0.0451283803347
152	0.144111467364
153	0.102258989482
154	0.0413159076531
155	0.12027645297
156	0.0970344898811
157	0.0390001835058
158	0.128070841563
159	0.275571173533
160	0.131685630476
161	0.156509063714
162	0.162947906465
163	0.0465686477922
164	0.14662487528
165	0.127308347027
166	0.0336344812132
167	0.0710814351079
168	0.0737925267926
169	0.0280146140751
170	0.0645013896649
171	0.0785934183176
172	0.0277322086913
173	0.0561421903038
174	0.0764753779389
175	0.0337474433667
176	0.0653768463547
177	0.0755716807107
178	0.0290595139953
179	0.0609713223671
180	0.0803160911589
181	0.0293701599175
182	0.0579778252986
183	0.0696976487272
184	0.0252188007753
185	0.0539959093867
186	0.0689069136525
187	0.0312622759891
188	0.0633152870528
189	0.153148439647
190	0.0410335022693
191	0.0968368061125
192	0.134876811313
193	0.0425302508035
194	0.102823800249
195	0.0960460710378
196	0.0567352416098
197	0.109347364616
198	0.143433694443
199	0.0370798268958
200	0.0948034873489
201	0.0775485183974
202	0.0312622759891
203	0.10316268671
204	0.0848063367617
205	0.0445070884903
206	0.0993502140285
207	0.097909946571
208	0.0310928327588
209	0.0901155579775
210	0.149110042658
211	0.0421066427278
212	0.11869498282
213	0.153148439647
214	0.0410617428077
215	0.0912451795128
216	0.102682597558
217	0.0375881565867
218	0.0867266933716
219	0.164134009077
220	0.0361761296676
221	0.104546473091
222	0.0754022374804
223	0.0357242810534
224	0.0615926142115
225	0.114910750677
226	0.0280993356903
227	0.0685397866535
228	0.0765600995541
229	0.0267155493095
230	0.0684550650384
231	0.0793276723155
232	0.0275345249226
233	0.0727476268725
234	0.110957075304
235	0.0515672230858
236	0.0575824577612
237	0.0710814351079
238	0.0257553710045
239	0.0668453543506
240	0.0956507035004
241	0.0948599684257
242	0.266816606635
243	0.102400192174
244	0.0381812078927
245	0.0862748447575
246	0.102061305713
247	0.0343122541343
248	0.0658286949688
249	0.116576942442
250	0.0599546629853
251	0.0891836202109
252	0.157299798789
253	0.0811068262336
254	0.145523494283
255	0.155492404332
256	0.0299914517619
257	0.0700365351878
258	0.100084468026
259	0.0361196485908
260	0.079581837161
261	0.118158412591
262	0.0282405383822
263	0.0757693644794
264	0.0818410802315
265	0.0539676688483
266	0.0716462458756
267	0.140073070376
268	0.0337474433667
269	0.118186653129
270	0.237192281872
271	0.193334725764
272	0.237333484564
273	0.154955834103
274	0.0409205401158
275	0.174583008279
276	0.107483489083
277	0.0315164408345
278	0.0748374267127
279	0.0635412113599
280	0.0217169740159
281	0.0569046848401
282	0.067099519196
283	0.0226206712441
284	0.0652074031244
285	0.0647837950487
286	0.0233549252421
287	0.0695846865737
288	0.0684833055768
289	0.0232419630885
290	0.0546736823079
291	0.0648967572022
292	0.0199943011746
293	0.0520190717
294	0.0661675814294
295	0.0236090900875
296	0.0558315443815
297	0.0672689624263
298	0.0225924307057
299	0.0594180927561
300	0.0628916789771
301	0.021575771324
302	0.0533181364655
7741
