-102	0.0282501713328
-101	0.0244328222319
-100	0.0270432811019
-99	0.025291055285
-98	0.0211876284996
-97	0.025487733693
-96	0.0219475223488
-95	0.0221710205397
-94	0.0256665322458
-93	0.0259257901472
-92	0.025881090509
-91	0.0294213018533
-90	0.0273293587862
-89	0.0259973095683
-88	0.0260509491341
-87	0.0267303836346
-86	0.0257916912327
-85	0.0264085462396
-84	0.0265873447924
-83	0.0261582282658
-82	0.027311478931
-81	0.0402654340769
-80	0.0353752936595
-79	0.0293497824322
-78	0.0290726446754
-77	0.0273919382797
-76	0.0285004893067
-75	0.0327916545724
-74	0.0299845172944
-73	0.0268555426215
-72	0.0328095344277
-71	0.0287776270634
-70	0.0312629269465
-69	0.0328899937764
-68	0.0281875918394
-67	0.0300560367155
-66	0.0269717616808
-65	0.0300828564984
-64	0.033122431895
-63	0.0313791460058
-62	0.0348388980013
-61	0.0351517954686
-60	0.0382539503586
-59	0.0347316188697
-58	0.0389423247867
-57	0.0354557530082
-56	0.0360100285217
-55	0.0434748680986
-54	0.0342399228496
-53	0.0366537033116
-52	0.0476498143051
-51	0.0451913342049
-50	0.0403280135704
-49	0.0411326070577
-48	0.0440291436121
-47	0.0397647981293
-46	0.0424288965651
-45	0.042652394756
-44	0.0403637732809
-43	0.0459422881264
-42	0.0396575189976
-41	0.0413382253934
-40	0.0503407325238
-39	0.0528349723345
-38	0.0663968425598
-37	0.060433910826
-36	0.0508324285438
-35	0.056813240133
-34	0.05368426546
-33	0.0606395291616
-32	0.0530495305978
-31	0.0597008367597
-30	0.0660034857438
-29	0.070062212891
-28	0.06053225003
-27	0.0509128878926
-26	0.0613815431555
-25	0.0619894582348
-24	0.0598528155296
-23	0.0498579764314
-22	0.0671656763366
-21	0.0585386461669
-20	0.0571261376003
-19	0.0581721091338
-18	0.0590839817528
-17	0.0504122519449
-16	0.0608630273525
-15	0.0543279402499
-14	0.0591555011739
-13	0.0620788575112
-12	0.0586459252986
-11	0.0587710842855
-10	0.0582615084102
-9	0.0597365964703
-8	0.0644300584797
-7	0.0532283291506
-6	0.0665756411126
-5	0.0618017197544
-4	0.047086598864
-3	0.0490086833059
-2	0.0470240193705
-1	0.0462283658108
0	0.0470418992258
1	0.121690294995
2	0.42311783513
3	1.17526076701
4	0.202194343365
5	0.247162179379
6	0.478295068506
7	0.10294326674
8	0.178181697733
9	0.46923892181
10	0.151799971276
11	0.162277566466
12	0.583598476142
13	0.0954694872353
14	0.130487183789
15	0.638132034727
16	0.0683815064952
17	0.158817814471
18	0.314828491664
19	0.0775091726126
20	0.141697853046
21	0.299362416852
22	0.0751132720059
23	0.129190894282
24	0.265837688213
25	0.0661822842965
26	0.128609798986
27	0.271970478572
28	0.0594952184241
29	0.100261288449
30	0.207316921901
31	0.0561427455602
32	0.103533301964
33	0.20017391972
34	0.0531836295124
35	0.0925997704638
36	0.166166434988
37	0.0536574456771
38	0.0864759200325
39	0.151129476703
40	0.0468541607454
41	0.0720021771882
42	0.134787288983
43	0.0374672367266
44	0.0676126727185
45	0.126848633241
46	0.0427775537429
47	0.0624632743996
48	0.118847398006
49	0.0378963532531
50	0.0638936628215
51	0.113447681713
52	0.0384506287666
53	0.0575910138374
54	0.102987966378
55	0.0366268835287
56	0.0676752522119
57	0.123871637338
58	0.0415796034396
59	0.0721809757409
60	0.109469413915
61	0.0378337737597
62	0.0671656763366
63	0.112714607647
64	0.0366358234563
65	0.0674428140934
66	0.117390189801
67	0.0393267416751
68	0.0691235204891
69	0.122092591738
70	0.040757130097
71	0.0682921072189
72	0.112482169528
73	0.0355809119952
74	0.0604160309707
75	0.111588176765
76	0.035634551561
77	0.0590750418251
78	0.099662313297
79	0.0344991807511
80	0.0620520377283
81	0.115459165432
82	0.0377443744833
83	0.0604964903194
84	0.107797647447
85	0.0369576608513
86	0.0605948295234
87	0.12076054252
88	0.0389959643525
89	0.0589320029829
90	0.0926265902467
91	0.0318619020982
92	0.0623023557021
93	0.0964081796372
94	0.0363676256272
95	0.0620520377283
96	0.110577964942
97	0.0345707001722
98	0.0602372324179
99	0.107618848894
100	0.0340790041522
101	0.0644658181902
102	0.108646940572
103	0.032013880868
104	0.0554990707704
105	0.0937977207672
106	0.031718863256
107	0.0598975151677
108	0.11292916591
109	0.0347673785802
110	0.0617480801886
111	0.100073549968
112	0.0355093925741
113	0.0639026027491
114	0.110703123929
115	0.0382003107928
116	0.0683725665676
117	0.101575457811
118	0.034821018146
119	0.0646624965983
120	0.111141180383
121	0.0344008415471
122	0.0639920020255
123	0.100565245988
124	0.0334532092176
125	0.0617838398991
126	0.0983392040067
127	0.033810806323
128	0.0587174447197
129	0.100162949245
130	0.0337929264678
131	0.0603713313325
132	0.10819994419
133	0.0347941983631
134	0.0581452893509
135	0.103524362036
136	0.0323804179011
137	0.0570814379621
138	0.109648212468
139	0.0345796400998
140	0.0615692816359
141	0.0990633381453
142	0.032210559276
143	0.0575284343439
144	0.110077328994
145	0.0309768492621
146	0.0597097766874
147	0.107636728749
148	0.0336230678427
149	0.0635807653542
150	0.129852448927
151	0.0319244815916
152	0.0599779745165
153	0.100475846712
154	0.0328363542106
155	0.0661286447307
156	0.111579236837
157	0.0376370953517
158	0.0681848280872
159	0.103318743701
160	0.0386115474641
161	0.0584313670353
162	0.103014786161
163	0.0330509124739
164	0.0661107648754
165	0.117944465315
166	0.0338555059612
167	0.0645552174666
168	0.104615033208
169	0.0334800290005
170	0.0651094929801
171	0.105562665537
172	0.0349014774948
173	0.0630622495512
174	0.112374890397
175	0.0370381202
176	0.0763648618751
177	0.115021108977
178	0.0345170606064
179	0.0637774437622
180	0.10884361898
181	0.0361351875087
182	0.0622397762086
183	0.11538764601
184	0.034132643718
185	0.0711975837009
186	0.114493653247
187	0.0358669896796
188	0.0696152165091
189	0.11065842429
190	0.0359116893177
191	0.0671120367708
192	0.117935525387
193	0.0339180854547
194	0.0724223537871
195	0.125275205977
196	0.0334532092176
197	0.0765704802107
198	0.127152590781
199	0.0351339156133
200	0.0797352145942
201	0.145586721568
202	0.0425451156244
203	0.0737722828603
204	0.138917535551
205	0.0367609824432
206	0.0696062765815
207	0.129968667986
208	0.0353574138042
209	0.0698565945553
210	0.114743971221
211	0.0349908767711
212	0.0646714365259
213	0.105544785682
214	0.0327201351513
215	0.0659587861056
216	0.107270191716
217	0.0325770963091
218	0.0746841554793
219	0.122772026239
220	0.0364749047589
221	0.0728514703137
222	0.126187078596
223	0.0355183325017
224	0.0715015412405
225	0.130281565454
226	0.0439218644805
227	0.0735309048141
228	0.124774570029
229	0.0374225370884
230	0.0731286080705
231	0.129664710447
232	0.034132643718
233	0.0746394558411
234	0.124515312128
235	0.039943596682
236	0.070062212891
237	0.128189622387
238	0.0380930316612
239	0.0738706220643
240	0.158326118451
241	0.0420087199662
242	0.0722971948002
243	0.148161420728
244	0.0388439855827
245	0.0682295277254
246	0.130344144947
247	0.0332744106648
248	0.0727441911821
249	0.117676267486
250	0.0372437385356
251	0.0753099504139
252	0.126124499102
253	0.0359563889559
254	0.0781528474024
255	0.145506262219
256	0.0382181906481
257	0.078903801324
258	0.148089901307
259	0.0349282972777
260	0.0769906568096
261	0.124855029378
262	0.0401045153795
263	0.0806560271408
264	0.1269648523
265	0.0364749047589
266	0.0727799508926
267	0.127492308031
268	0.0336230678427
269	0.0664504821256
270	0.116791214649
271	0.0359832087388
272	0.0807633062724
273	0.121091319843
274	0.0366715831669
275	0.0738080425709
276	0.123701778713
277	0.0352143749621
278	0.0702946510095
279	0.110032629356
280	0.032505576888
281	0.077276734494
282	0.135913719865
283	0.0337482268296
284	0.0750238727295
285	0.11323312345
286	0.0322016193484
287	0.063437726512
288	0.109156516447
289	0.0348657177842
290	0.0665845810402
291	0.122709446745
292	0.0312182273083
293	0.0990543982177
294	0.168785833786
295	0.0363765655549
296	0.0724223537871
297	0.137826864379
298	0.0328989337041
299	0.0683099870741
300	0.125373545181
301	0.0323267783353
302	0.0698387147001
7741
