-102	0.0367586806738
-101	0.0331046494464
-100	0.0400342066744
-99	0.0360453439003
-98	0.0322166179529
-97	0.0391752909676
-96	0.0401506698211
-95	0.0457409008622
-94	0.0364820807004
-93	0.0370498385405
-92	0.0365257543804
-91	0.0347788071801
-90	0.032915396833
-89	0.0430768063817
-88	0.0331337652331
-87	0.0348370387534
-86	0.0350408492601
-85	0.0366131017404
-84	0.0379233121407
-83	0.0432515011017
-82	0.0705766668936
-81	0.0417811538747
-80	0.0462067534489
-79	0.0490746584361
-78	0.0396993751277
-77	0.0366858912071
-76	0.0386366489141
-75	0.0400342066744
-74	0.037850522674
-73	0.0399177435277
-72	0.0419995222748
-71	0.0352009860868
-70	0.0393791014743
-69	0.0384182805141
-68	0.0388550173142
-67	0.0334249230998
-66	0.0333666915264
-65	0.0359434386469
-64	0.0393063120076
-63	0.0437464694751
-62	0.0465415849957
-61	0.0551889736373
-60	0.048157511156
-59	0.0403690382211
-58	0.0539078790237
-57	0.06890250916
-56	0.0577220470778
-55	0.0516514055566
-54	0.0465707007823
-53	0.0434844273951
-52	0.0445471536086
-51	0.0423197959282
-50	0.0452313745954
-49	0.0547231210506
-48	0.0507779319565
-47	0.0459301534755
-46	0.055174415744
-45	0.0540243421704
-44	0.0592069521981
-43	0.0554073420374
-42	0.0531654264636
-41	0.0573872155311
-40	0.0595708995315
-39	0.0695721722534
-38	0.0701108143069
-37	0.0608811099318
-36	0.0795734449754
-35	0.304361875979
-34	0.0770549294282
-33	0.070678572147
-32	0.0837952340429
-31	0.0625989413454
-30	0.0749440348945
-29	0.321219916462
-28	0.574600049978
-27	0.187156276729
-26	0.399410361571
-25	0.345065745747
-24	0.183676940222
-23	0.178858277528
-22	0.183414898142
-21	0.13605807112
-20	0.130657092692
-19	0.0705184353203
-18	0.093112285778
-17	0.128677219198
-16	0.101905253353
-15	0.0720906878006
-14	0.063923709639
-13	0.0735610350275
-12	0.0763707084414
-11	0.0670682145996
-10	0.0598620573982
-9	0.0641420780391
-8	0.0707804774003
-7	0.0540534579571
-6	0.0646224885192
-5	0.0647535095592
-4	0.0493221426229
-3	0.0534711422237
-2	0.0508798372098
-1	0.043309732675
0	0.0523210686501
1	0.123829440717
2	0.629090244735
3	1.56733191236
4	0.301348392058
5	0.278725425814
6	0.471166217824
7	0.152362911656
8	0.232999082845
9	0.504460119884
10	0.13579602904
11	0.24174837674
12	0.51989148682
13	0.117016346636
14	0.266351216478
15	0.802838701702
16	0.203257306759
17	1.36269160573
18	1.35654817474
19	0.261445206424
20	0.525103212635
21	0.521915033994
22	0.134165544986
23	0.231980030311
24	0.750503075158
25	0.258577301437
26	1.61514003407
27	1.46183085935
28	0.302629486672
29	0.179789982701
30	0.557800241068
31	0.127861977171
32	0.185263750596
33	0.240802113673
34	0.0738813086809
35	0.36087561791
36	0.447247599073
37	0.330900915531
38	0.460961134596
39	0.733077276835
40	0.114628852129
41	0.168682310086
42	0.257834848876
43	0.0506032372364
44	0.117642336049
45	0.202864243639
46	0.0459592692622
47	0.0788164345219
48	0.161796426538
49	0.0472694796625
50	0.0936654857248
51	0.128473408691
52	0.0531945422503
53	0.0969410117254
54	0.121077998877
55	0.0497152057429
56	0.107233442314
57	0.169774152086
58	0.0435572168617
59	0.0882790651904
60	0.0933160962847
61	0.0357541860336
62	0.0806652869756
63	0.114963683676
64	0.0487543847828
65	0.107684737007
66	0.166251141899
67	0.055218089424
68	0.15412441675
69	0.212239526948
70	0.0628900992122
71	0.10237110594
72	0.164416847338
73	0.0462067534489
74	0.0950921592717
75	0.142201502107
76	0.0455225324621
77	0.0944952856449
78	0.125212440584
79	0.0371080701138
80	0.0917729595911
81	0.111033052475
82	0.0346769019267
83	0.0633705096922
84	0.0867650442834
85	0.0373264385139
86	0.0595854574248
87	0.0833584972428
88	0.045085795662
89	0.144152259815
90	0.174301656914
91	0.0491328900095
92	0.143788312481
93	0.163543373738
94	0.0460466166222
95	0.0710134036937
96	0.093418001538
97	0.0352009860868
98	0.0590904890514
99	0.0806070554022
100	0.0333521336331
101	0.0882499494037
102	0.113944631142
103	0.0311538917394
104	0.060546278385
105	0.0737357297476
106	0.0379669858207
107	0.105442821434
108	0.184070003342
109	0.0446199430753
110	0.0841300655896
111	0.0782632345751
112	0.0301639549925
113	0.0577657207578
114	0.0722071509473
115	0.043135037955
116	0.0830527814827
117	0.136116302693
118	0.0429749011283
119	0.0604006994517
120	0.0809564448423
121	0.0297126602991
122	0.0560187735575
123	0.074099677081
124	0.0282423130721
125	0.0514475950499
126	0.0721634772673
127	0.0243553555514
128	0.0501810583297
129	0.0681018250265
130	0.0285771446189
131	0.0665441304395
132	0.0892544440439
133	0.0280385025654
134	0.0566010892909
135	0.075875740068
136	0.0323767547796
137	0.0953978750318
138	0.126741019384
139	0.0374429016606
140	0.158520900537
141	0.161039416084
142	0.0632249307589
143	0.135155481733
144	0.120903304157
145	0.0469346481157
146	0.0794860976154
147	0.12323256709
148	0.0303386497125
149	0.0704602037469
150	0.124368082771
151	0.0450566798754
152	0.140541902267
153	0.0993139483392
154	0.0468327428624
155	0.120320988423
156	0.103142674287
157	0.0412133960346
158	0.127672724558
159	0.280181215147
160	0.124164272264
161	0.145229543921
162	0.150979911789
163	0.0502101741164
164	0.15722524803
165	0.131006482132
166	0.0326824705396
167	0.0649427621725
168	0.0701399300936
169	0.0277764604854
170	0.0597601521449
171	0.0814368553224
172	0.0285917025122
173	0.0537186264104
174	0.0753953295879
175	0.0348224808601
176	0.0650883411059
177	0.0779866346017
178	0.0294215024324
179	0.0568922471577
180	0.084537686603
181	0.0336869651798
182	0.0607209731051
183	0.0734591297742
184	0.0265535974451
185	0.0559750998775
186	0.0700234669469
187	0.0379524279273
188	0.0626280571321
189	0.180503319475
190	0.0417520380881
191	0.0859206864699
192	0.132316692532
193	0.0461048481956
194	0.0950339276984
195	0.0962131170586
196	0.0664131093995
197	0.126973945678
198	0.152362911656
199	0.0401652277144
200	0.096402369672
201	0.0834749603895
202	0.0311538917394
203	0.114570620555
204	0.0971593801254
205	0.0403544803278
206	0.101293821833
207	0.104045263673
208	0.0366858912071
209	0.0943351488182
210	0.17332627806
211	0.0466289323557
212	0.11882152541
213	0.154852311417
214	0.0499190162496
215	0.0916128227644
216	0.107087863381
217	0.0362200386203
218	0.0768947926015
219	0.13618909216
220	0.0397284909143
221	0.115618788876
222	0.0787145292685
223	0.0391607330742
224	0.0649136463859
225	0.111659041888
226	0.0327989336863
227	0.0698633301202
228	0.0808836553756
229	0.0275289762987
230	0.0692664564934
231	0.0884974335904
232	0.0301057234192
233	0.0760358768947
234	0.117642336049
235	0.0548541420906
236	0.058726541718
237	0.0721198035873
238	0.0276163236587
239	0.06916455124
240	0.0995905483126
241	0.0789037818819
242	0.19034445537
243	0.0942623593515
244	0.0384473963008
245	0.0854985075632
246	0.102778726953
247	0.0335705020332
248	0.0736920560676
249	0.220974262949
250	0.082674276256
251	0.118035399169
252	0.201408454306
253	0.112241357622
254	0.164678889418
255	0.158913963657
256	0.0323767547796
257	0.0693246880667
258	0.106520105541
259	0.045085795662
260	0.0866922548168
261	0.145535259681
262	0.0368169122471
263	0.0874201494836
264	0.109664610501
265	0.0719887825472
266	0.0754681190546
267	0.149393101416
268	0.0299601444858
269	0.109096852661
270	0.216606894949
271	0.177009425074
272	0.255447354369
273	0.19222242361
274	0.0564555103576
275	0.168099994352
276	0.126726461491
277	0.0359288807536
278	0.0721343614806
279	0.065481404226
280	0.0230160293644
281	0.0579986470512
282	0.0680581513465
283	0.025942165925
284	0.0646224885192
285	0.0692373407067
286	0.0250978081115
287	0.0749003612145
288	0.0733572245208
289	0.0253307344049
290	0.0561206788108
291	0.0718140878272
292	0.0230451451511
293	0.0562225840642
294	0.0700089090535
295	0.0249813449648
296	0.0599057310782
297	0.0725710982807
298	0.0269612184585
299	0.0597747100382
300	0.0727312351074
301	0.0235401135245
302	0.0539952263838
7741
