-102	0.103474422682
-101	0.0836370759784
-100	0.0945643513171
-99	0.0880333142355
-98	0.0790237395357
-97	0.0829857814218
-96	0.0808509825973
-95	0.0860070645038
-94	0.103528697228
-93	0.0904666230651
-92	0.0906837212506
-91	0.0928727946215
-90	0.0914526106577
-89	0.0926014218895
-88	0.085093442973
-87	0.0860161102616
-86	0.0956227049716
-85	0.0998923026205
-84	0.0962920910437
-83	0.0976670462187
-82	0.105129796347
-81	0.131353448008
-80	0.121656395721
-79	0.108956151867
-78	0.0973685362136
-77	0.0970971634817
-76	0.103736749656
-75	0.101810003259
-74	0.098028876528
-73	0.100154629595
-72	0.112230716165
-71	0.0991505504866
-70	0.101999964172
-69	0.101954735383
-68	0.092384323704
-67	0.101140617187
-66	0.0949804561727
-65	0.100724512332
-64	0.106079600908
-63	0.110141146129
-62	0.116048025928
-61	0.128612583416
-60	0.135632091415
-59	0.121746853298
-58	0.135125528982
-57	0.140426343012
-56	0.144885901573
-55	0.144913038846
-54	0.12369169121
-53	0.119042171736
-52	0.133144508039
-51	0.126631562473
-50	0.157821335128
-49	0.150322401969
-48	0.136681399311
-47	0.135161712013
-46	0.156355922376
-45	0.141927938795
-44	0.142579233352
-43	0.150078166511
-42	0.153633149299
-41	0.164741339792
-40	0.16642385073
-39	0.178445662754
-38	0.171697527487
-37	0.15438394719
-36	0.160589336994
-35	0.14330289397
-34	0.154483450525
-33	0.168287276823
-32	0.161421546705
-31	0.161059716396
-30	0.168486283493
-29	0.171145736265
-28	0.184397771341
-27	0.175722889677
-26	0.244651563585
-25	0.186080282279
-24	0.167762622874
-23	0.161312997612
-22	0.184072124063
-21	0.201557573756
-20	0.188142715042
-19	0.166089157694
-18	0.166930413163
-17	0.157504733608
-16	0.134935568069
-15	0.133569658652
-14	0.154854326592
-13	0.155017150232
-12	0.170720585652
-11	0.146830739485
-10	0.133361606224
-9	0.137115595682
-8	0.151697357144
-7	0.119928655994
-6	0.154456313252
-5	0.153750744149
-4	0.146297039779
-3	0.114926351969
-2	0.118969805675
-1	0.122723795133
0	0.131751461348
1	0.3776513395
2	2.24714713547
3	4.62022931007
4	0.723009323902
5	0.736062352308
6	1.06154680697
7	0.328514783507
8	0.479497525791
9	0.795574392418
10	0.234583635231
11	0.469999480174
12	0.795284928171
13	0.175261556033
14	0.407538523043
15	0.850518324875
16	0.170214023219
17	0.569140984902
18	0.663044995905
19	0.164623744942
20	0.397172084683
21	0.681986812593
22	0.155044287505
23	0.349781359932
24	0.520140115275
25	0.131262990431
26	0.356864188235
27	0.473174541137
28	0.122117729365
29	0.258609167764
30	0.536123969185
31	0.133560612894
32	0.271653150412
33	0.362671564698
34	0.0898243742662
35	0.22845061149
36	0.301314190011
37	0.114492155598
38	0.283792557286
39	0.381296779866
40	0.0915611597505
41	0.170666311106
42	0.205311563214
43	0.0597562755692
44	0.132321344085
45	0.19779453854
46	0.067354712063
47	0.122588108767
48	0.205501524127
49	0.0562646130852
50	0.122253415731
51	0.146658870088
52	0.0510090278436
53	0.101212983249
54	0.141683703336
55	0.0475535483905
56	0.112474951624
57	0.163212606736
58	0.0534242451577
59	0.108693824893
60	0.141041454538
61	0.0491456017511
62	0.100778786878
63	0.138752877832
64	0.0525015778692
65	0.098734445631
66	0.146921197063
67	0.0542383633535
68	0.102533663878
69	0.14984297681
70	0.0524653948383
71	0.104903652403
72	0.146921197063
73	0.0507557466272
74	0.106007234846
75	0.158725910901
76	0.0493717456943
77	0.0978841444043
78	0.128305027653
79	0.0450388277413
80	0.0918325324824
81	0.12066136237
82	0.0428045255818
83	0.081131401087
84	0.11252922617
85	0.0419451785974
86	0.079213700448
87	0.111850794341
88	0.0417009431387
89	0.0822259377724
90	0.100760695363
91	0.0371509270001
92	0.0759391361495
93	0.122072500576
94	0.0350523112066
95	0.0672461629703
96	0.104433273001
97	0.0349799451448
98	0.0645957559552
99	0.0807695707777
100	0.0322662178255
101	0.0726555260933
102	0.0925923761318
103	0.0316872893308
104	0.068331653898
105	0.0920948594566
106	0.0362282597116
107	0.0651113641458
108	0.0968891110539
109	0.0335507154233
110	0.0603804328527
111	0.0808238453241
112	0.0318320214545
113	0.0586979219147
114	0.077232679505
115	0.0353598669694
116	0.0704393154492
117	0.105374031805
118	0.0331255648099
119	0.0683587911712
120	0.101357715373
121	0.0305475238567
122	0.0569882737036
123	0.078779504077
124	0.0314701911452
125	0.0561470182347
126	0.0775221437524
127	0.0286026859446
128	0.0533428333381
129	0.0715428978924
130	0.0266216650016
131	0.059258758894
132	0.0913711988381
133	0.0283674962436
134	0.051868374828
135	0.0744918149126
136	0.0280056659344
137	0.0554143118585
138	0.0757763125104
139	0.0290006992847
140	0.0632117550224
141	0.0845597432669
142	0.0285755486714
143	0.0547901545751
144	0.0755773058403
145	0.0249481998214
146	0.052944819998
147	0.0822892580765
148	0.0274176916819
149	0.0599371907238
150	0.117558667469
151	0.0299595496042
152	0.0583632288787
153	0.0785985889224
154	0.0285665029137
155	0.0565631230903
156	0.0710906100058
157	0.0265492989397
158	0.0564817112707
159	0.0795393477263
160	0.0349889909025
161	0.0514703614879
162	0.075351161897
163	0.0290097450425
164	0.0601723804248
165	0.0782458043709
166	0.0253823961924
167	0.0492722423593
168	0.0657083841561
169	0.0224515706877
170	0.0498602166118
171	0.0665948684137
172	0.0239260291978
173	0.0500954063128
174	0.0689919942123
175	0.0301314190011
176	0.0553057627657
177	0.0690553145164
178	0.0225963028114
179	0.0467032471638
180	0.0617282507545
181	0.0230395449402
182	0.0447855465249
183	0.0620448522751
184	0.0216826812806
185	0.0431573101333
186	0.0594758570796
187	0.0240617155638
188	0.0447403177362
189	0.0649214032335
190	0.0249301083059
191	0.0509457075395
192	0.0663596787127
193	0.0241340816256
194	0.0491365559933
195	0.0596115434455
196	0.0220897403785
197	0.0470198486844
198	0.0680421896506
199	0.0221982894712
200	0.0497697590345
201	0.0617372965123
202	0.0248758337595
203	0.0481234311275
204	0.0629765653214
205	0.0222163809867
206	0.0488380459882
207	0.0664772735632
208	0.0217460015847
209	0.0461062271536
210	0.0598919619352
211	0.0191679606314
212	0.0394756867369
213	0.0559661030801
214	0.0218093218888
215	0.0472098095967
216	0.0667938750837
217	0.0247853761822
218	0.04635950837
219	0.0665134565941
220	0.0211399358167
221	0.048611902045
222	0.0589692946467
223	0.0192946012397
224	0.0399551118967
225	0.0589692946467
226	0.020524824291
227	0.0449031413754
228	0.0528724539361
229	0.0198011636726
230	0.0429944864942
231	0.0534151994
232	0.0181638815233
233	0.0413662501026
234	0.0512532633023
235	0.0224244334145
236	0.0397651509843
237	0.0545187818431
238	0.0189237251727
239	0.040615452211
240	0.0626509180431
241	0.0201539482241
242	0.0458800832103
243	0.0531166893949
244	0.0192131894201
245	0.0416195313191
246	0.0555228609512
247	0.0181096069769
248	0.0377660385258
249	0.0538765330443
250	0.0228495840278
251	0.041556211015
252	0.0580466273581
253	0.020760013992
254	0.0403983540255
255	0.055396220343
256	0.0179558290955
257	0.0405702234223
258	0.0532342842454
259	0.0179648748532
260	0.0395842358297
261	0.0541659972916
262	0.0191679606314
263	0.0416014398036
264	0.0535327942505
265	0.0169698415029
266	0.0398465628039
267	0.0511718514828
268	0.0160652657298
269	0.0401812558399
270	0.0567530840026
271	0.0241974019297
272	0.0586074643374
273	0.0680783726815
274	0.0225601197805
275	0.0478882414265
276	0.0622257674297
277	0.0218545506775
278	0.0452468801691
279	0.0515065445188
280	0.0173949921162
281	0.0404254912987
282	0.0530714606062
283	0.0173859463585
284	0.0437543301436
285	0.0528181793898
286	0.0165808739204
287	0.0459886323031
288	0.0483948038594
289	0.0165718281627
290	0.0375218030671
291	0.0473816789936
292	0.0146541275238
293	0.0400727067472
294	0.0527639048434
295	0.0175939987863
296	0.0404888116028
297	0.0538584415288
298	0.0174130836317
299	0.0406335437265
300	0.0534694739464
301	0.0165989654359
302	0.0370785609383
7741
