-34	0.088710081886
-33	0.0856338182096
-32	0.0958490198742
-31	0.0896128983997
-30	0.0934749468196
-29	0.0930569762114
-28	0.114289883108
-27	0.109926269959
-26	0.0994770047534
-25	0.0916525949678
-24	0.0948291715902
-23	0.0945616704009
-22	0.0902816513729
-21	0.110912680594
-20	0.110177052324
-19	0.138381708965
-18	0.115209418446
-17	0.121478977569
-16	0.129821670909
-15	0.133432936964
-14	0.136860295952
-13	0.161136028876
-12	0.244897338761
-11	0.166803710324
-10	0.609735523253
-9	0.544197731886
-8	0.324913631996
-7	0.24056716326
-6	0.229231800365
-5	0.169462003392
-4	0.161069153579
-3	0.162908224255
-2	0.154164279131
-1	0.136826858303
0	0.583737751423
1	1.244549283
2	0.584356347923
3	0.702006714721
4	0.74074423069
5	1.77502086011
6	1.36345356162
7	0.668886723727
8	1.95866042653
9	1.07563900081
10	0.697709976869
11	0.81031125872
12	1.13415488596
13	0.457460471271
14	0.275777007295
15	0.26683243628
16	0.27764951562
17	0.227877575595
18	0.250916115519
19	0.261950539576
20	0.217913156295
21	0.298915860166
22	0.372027278954
23	0.361410825505
24	0.296424755341
25	0.255229572196
26	0.302594001518
27	0.241887950382
28	0.200324953102
29	0.325582384969
30	0.437498195023
31	0.259576466521
32	0.194205863398
33	0.211927817186
34	0.217528623336
35	0.240266224422
36	0.308495746506
37	0.185662544166
38	0.214887049092
39	0.221808642364
40	0.17447765069
41	0.173340770636
42	0.165098390242
43	0.182335498125
44	0.189976000843
45	0.227559917933
46	0.308295120614
47	0.382108730023
48	0.264190862036
49	0.249444858978
50	0.387074220849
51	0.312407951399
52	0.302961815653
53	0.601075172251
54	0.414710437464
55	0.271965115349
56	0.174026242433
57	0.179794236827
58	0.197415877669
59	0.181950965165
60	0.188788964315
61	0.169980286946
62	0.189524592586
63	0.357782840626
64	0.295873034138
65	0.319429857617
66	0.327020203862
67	0.257670520548
68	0.270761359997
69	0.255313166318
70	0.3870407832
71	0.322071431861
72	0.245315309369
73	0.321001427104
74	0.198569476547
75	0.233144005258
76	0.200876674305
77	0.22538647077
78	0.289436286772
79	0.192818200978
80	0.548394156793
81	0.277081075593
82	0.258907713548
83	0.312725609061
84	0.488340139806
85	0.30665667583
86	0.262936950211
87	0.279438429823
88	0.252822061493
89	0.350192494381
90	0.785617555187
91	0.429523315819
92	0.248341416573
93	0.159982429998
94	0.184492226463
95	0.18830411841
96	0.174845464825
97	0.166335583242
98	0.17497921542
99	0.175046090717
100	0.165917612634
7741
