-34	0.109897536795
-33	0.107437252821
-32	0.122373651384
-31	0.108354400101
-30	0.109125968448
-29	0.106490989754
-28	0.151751480136
-27	0.13706256576
-26	0.115021915249
-25	0.117802472876
-24	0.116579609836
-23	0.110698220928
-22	0.108616442181
-21	0.145477028108
-20	0.142434428401
-19	0.178275961794
-18	0.134602281786
-17	0.142274291574
-16	0.151882501176
-15	0.168638636406
-14	0.170123541526
-13	0.200564096492
-12	0.460990250382
-11	0.217072747535
-10	0.970764001334
-9	0.931632384047
-8	0.545950115892
-7	0.337233599132
-6	0.323694758329
-5	0.209575432467
-4	0.203300980439
-3	0.188976013397
-2	0.178698140701
-1	0.147660712109
0	0.805240754102
1	2.14740573023
2	0.856528212325
3	0.882004525664
4	0.903259049935
5	2.36878761419
6	2.1430965938
7	0.888060609292
8	2.62422041067
9	1.94425032872
10	0.870925968835
11	0.675559040264
12	1.2391096492
13	1.01638843905
14	0.426080422162
15	0.327639947423
16	0.302731391925
17	0.278608962667
18	0.278026646934
19	0.301610434138
20	0.209735569294
21	0.271402805466
22	0.375593648073
23	0.3775007321
24	0.305715760059
25	0.282219320215
26	0.254093470289
27	0.209080464094
28	0.183676940222
29	0.272596552719
30	0.367222859404
31	0.280603394054
32	0.187709476676
33	0.202209138439
34	0.205644801266
35	0.217145537002
36	0.312820012007
37	0.166192910325
38	0.198394970385
39	0.239491903273
40	0.166687878699
41	0.153789585203
42	0.146699891148
43	0.163223100085
44	0.1738940359
45	0.203650369879
46	0.322704821582
47	0.359419828576
48	0.247324049888
49	0.22403142055
50	0.309966664913
51	0.266467679625
52	0.272028794879
53	0.549575031333
54	0.358415333936
55	0.228631714844
56	0.157676542724
57	0.163747184245
58	0.175306151554
59	0.164300384192
60	0.178945624888
61	0.155987827097
62	0.170603952006
63	0.308176044033
64	0.273455468426
65	0.289600172136
66	0.288930509042
67	0.229199472684
68	0.238807682286
69	0.235066303699
70	0.338776735825
71	0.296384150431
72	0.220202694603
73	0.29153637195
74	0.182788908729
75	0.214321305695
76	0.177679088168
77	0.194639033904
78	0.231223019858
79	0.168900678486
80	0.368838785565
81	0.218208263215
82	0.210041285054
83	0.421683938375
84	0.478328701346
85	0.260615406504
86	0.238298156019
87	0.269772321412
88	0.257121512103
89	0.288450098562
90	0.649063674392
91	0.416777928321
92	0.234789703725
93	0.146496080642
94	0.158622805791
95	0.169235510033
96	0.154808637737
97	0.151081817043
98	0.154895985097
99	0.159307026777
100	0.150266575016
7741
