-34	0.257560638344
-33	0.260942726649
-32	0.252863293477
-31	0.240660635366
-30	0.246433150281
-29	0.261130620443
-28	0.265827965311
-27	0.318344280927
-26	0.261788248725
-25	0.267779973067
-24	0.272331178316
-23	0.264314376409
-22	0.269366631777
-21	0.310150023769
-20	0.347864483781
-19	0.366372022558
-18	0.33377244918
-17	0.381664489737
-16	0.38237431074
-15	0.405902789253
-14	0.425610760607
-13	0.436477285066
-12	0.451769752245
-11	0.454191494488
-10	0.541697810093
-9	0.553879591116
-8	0.457813669308
-7	0.463847147826
-6	0.387332619211
-5	0.387447443196
-4	0.373084006447
-3	0.358553552991
-2	0.350860345952
-1	0.283865769601
0	2.51374757081
1	6.4286817999
2	2.11828332571
3	1.72176478765
4	1.43478833189
5	1.69140950126
6	1.31243815591
7	1.16411688209
8	1.03047220135
9	0.916754701384
10	0.979302457928
11	0.699893946679
12	0.710113281401
13	0.65348417939
14	0.421717183639
15	0.424003224808
16	0.382447380549
17	0.317394373409
18	0.320953916964
19	0.333240083428
20	0.304168737972
21	0.306068553007
22	0.314596843577
23	0.32610011923
24	0.325400736772
25	0.277978430701
26	0.268698564952
27	0.245806837632
28	0.237017583458
29	0.240963353147
30	0.225357729643
31	0.23018033704
32	0.211975516044
33	0.196484716526
34	0.201056798863
35	0.203729066165
36	0.205367917597
37	0.184407320945
38	0.197820850177
39	0.247226479636
40	0.224658347185
41	0.189313436695
42	0.169281870472
43	0.177998054837
44	0.190994042303
45	0.170033445651
46	0.185826962949
47	0.177256918202
48	0.17231948682
49	0.191140181921
50	0.228854641933
51	0.18630713598
52	0.18336346653
53	0.215326288715
54	0.190983603759
55	0.182215226673
56	0.161212875845
57	0.159438323339
58	0.172956238013
59	0.156390268448
60	0.15360317716
61	0.149646968927
62	0.153331775012
63	0.17360342775
64	0.176223502332
65	0.158196136585
66	0.174010530972
67	0.171557473097
68	0.16507513718
69	0.160075074532
70	0.161609540522
71	0.15458440031
72	0.168759943265
73	0.182267419394
74	0.150273281576
75	0.16550311749
76	0.155095888973
77	0.144605152103
78	0.149198111529
79	0.150074949237
80	0.198196637766
81	0.14703733289
82	0.142642705803
83	0.161891381214
84	0.172601327512
85	0.144552959382
86	0.15310212704
87	0.146045671195
88	0.140544558429
89	0.145471551267
90	0.203374155664
91	0.184793547078
92	0.14985573981
93	0.127078836476
94	0.146223126446
95	0.139573773823
96	0.125314722515
97	0.124103851393
98	0.139010092439
99	0.130513117501
100	0.130231276809
7741
