-34	0.0654713532999
-33	0.059836580453
-32	0.0610687543679
-31	0.0677003420674
-30	0.0639069077675
-29	0.0646960528591
-28	0.0656651784101
-27	0.076062511108
-26	0.0699293308348
-25	0.0720060284443
-24	0.0715768442717
-23	0.072836707488
-22	0.0759517539022
-21	0.0807143137531
-20	0.083330952741
-19	0.0903363460102
-18	0.093312945917
-17	0.099100009922
-16	0.0988231169074
-15	0.100789057311
-14	0.103696433964
-13	0.123978847283
-12	0.117887200962
-11	0.133739326047
-10	0.130707347537
-9	0.130098182905
-8	0.139941729574
-7	0.127799970884
-6	0.134431558584
-5	0.13778196406
-4	0.143707474572
-3	0.137463537093
-2	0.130471988475
-1	0.12013003438
0	0.374317821774
1	0.887455956413
2	0.497355232808
3	0.611975096197
4	0.557925579749
5	0.534348139557
6	0.420503576608
7	0.416710142308
8	0.343693454361
9	0.32811822229
10	0.304554626748
11	0.29358966337
12	0.252831011623
13	0.247182394125
14	0.207088285612
15	0.212847660316
16	0.207822052101
17	0.207143664215
18	0.198061573337
19	0.227855261707
20	0.197812369623
21	0.210563292945
22	0.222026663749
23	0.229087435621
24	0.218773170828
25	0.213969077025
26	0.203128715504
27	0.218870083383
28	0.212100049176
29	0.230942618819
30	0.198158485892
31	0.202505706221
32	0.213249155187
33	0.218648568971
34	0.200110581645
35	0.201951920192
36	0.212709213808
37	0.214107523532
38	0.214661309561
39	0.207462091182
40	0.214010610977
41	0.198006194734
42	0.196123322234
43	0.205136189859
44	0.218288608052
45	0.209441876236
46	0.208265080924
47	0.199473727711
48	0.200069047692
49	0.20837583813
50	0.217997870387
51	0.211200146879
52	0.222469692573
53	0.207655916292
54	0.218399365258
55	0.223826468344
56	0.209344963681
57	0.211490884544
58	0.231537938801
59	0.220863713088
60	0.218011715038
61	0.231496404848
62	0.229807357459
63	0.224532545531
64	0.238086458596
65	0.248649927102
66	0.263671373144
67	0.267381739539
68	0.247417753187
69	0.247210083426
70	0.228505960291
71	0.226235437571
72	0.226193903619
73	0.241312262216
74	0.245368744879
75	0.249660586606
76	0.245327210927
77	0.242502902178
78	0.240523117124
79	0.252415672101
80	0.285365940837
81	0.263879042905
82	0.252858700924
83	0.24556256999
84	0.237657274423
85	0.282361651629
86	0.274013327239
87	0.26131778252
88	0.246462472287
89	0.247002413665
90	0.250228217285
91	0.239789350635
92	0.247445442489
93	0.239027894845
94	0.262896072703
95	0.227786038453
96	0.220752955882
97	0.254741573423
98	0.286224309182
99	0.260625549983
100	0.251584993057
7741
