-34	0.125579920874
-33	0.107478506427
-32	0.129187165529
-31	0.117583137541
-30	0.119060804026
-29	0.121364225312
-28	0.149048741525
-27	0.159240294197
-26	0.132642297459
-25	0.12488454841
-24	0.126101450221
-23	0.127057587359
-22	0.117756980657
-21	0.161043916524
-20	0.148766246462
-19	0.169714341932
-18	0.160131240166
-17	0.165759411044
-16	0.169822993879
-15	0.206677734457
-14	0.200223808778
-13	0.222149771776
-12	0.473722490923
-11	0.25533207653
-10	1.03249772632
-9	0.783315350014
-8	0.58719858485
-7	0.405967136488
-6	0.354140157549
-5	0.264350188169
-4	0.228951383687
-3	0.210132866387
-2	0.200071696052
-1	0.162608504568
0	0.693547111023
1	1.53892445343
2	0.82542884485
3	0.918108956033
4	0.947249408341
5	2.34451345267
6	2.28947037609
7	0.919847387192
8	2.18490374185
9	1.94930285898
10	1.06733154067
11	0.806479945213
12	1.38040126208
13	1.11031425109
14	0.625139844903
15	0.463509207862
16	0.336886228293
17	0.281734499762
18	0.275063270188
19	0.298814585903
20	0.223388403977
21	0.293751405151
22	0.449210611577
23	0.368916822404
24	0.290665689844
25	0.26858761412
26	0.278909549129
27	0.217542929203
28	0.18733768781
29	0.299118811356
30	0.401686249758
31	0.255875336267
32	0.185968673272
33	0.189988795328
34	0.190771089349
35	0.206482160952
36	0.274759044736
37	0.16339079859
38	0.181579134594
39	0.211936488714
40	0.162999651579
41	0.152177917612
42	0.147918761271
43	0.157697436543
44	0.166476513897
45	0.191879339213
46	0.253550184591
47	0.302074144327
48	0.239468892201
49	0.229929251214
50	0.302573943285
51	0.252376743559
52	0.285102710134
53	0.725968852145
54	0.324391254335
55	0.2194117427
56	0.151265241253
57	0.15141735398
58	0.165389994423
59	0.149505079704
60	0.157458402258
61	0.146223790891
62	0.158957799133
63	0.289905126211
64	0.251616179927
65	0.239251588306
66	0.255223424582
67	0.192096643108
68	0.211414959367
69	0.201266867474
70	0.276801701348
71	0.287101905967
72	0.243575935815
73	0.300292252389
74	0.188728432737
75	0.286058847271
76	0.199984774494
77	0.179493017203
78	0.204548156287
79	0.175103478526
80	0.577332988021
81	0.262372722725
82	0.214957012854
83	0.293946978657
84	0.344448403836
85	0.233558226259
86	0.258830669238
87	0.228625427844
88	0.236035490661
89	0.294077360994
90	0.554450887886
91	0.359920441154
92	0.222627840345
93	0.14326845792
94	0.153829427213
95	0.163173494695
96	0.149222584641
97	0.145615339985
98	0.142703467793
99	0.149439888536
100	0.144311516616
7741
