-102	0.114462251694
-101	0.12062229778
-100	0.144402940811
-99	0.123057664838
-98	0.120479040895
-97	0.163599363498
-96	0.143400142611
-95	0.166464501212
-94	0.153857895269
-93	0.151852298869
-92	0.148557390497
-91	0.137526610296
-90	0.128071655838
-89	0.185804180785
-88	0.135950784553
-87	0.119332985809
-86	0.142397344411
-85	0.156293262326
-84	0.128931197153
-83	0.168326840727
-82	0.293533358851
-81	0.201562438215
-80	0.178498079613
-79	0.185947437671
-78	0.162023537755
-77	0.149846702468
-76	0.134947986353
-75	0.125349775009
-74	0.130650279781
-73	0.140391748011
-72	0.156723032983
-71	0.11360271038
-70	0.15414440904
-69	0.130507022895
-68	0.123344178609
-67	0.107872434951
-66	0.10858871938
-65	0.118330187609
-64	0.142683858182
-63	0.142827115068
-62	0.142683858182
-61	0.183368813728
-60	0.163456106612
-59	0.153571381497
-58	0.194972621472
-57	0.295968725908
-56	0.215028585473
-55	0.1846581257
-54	0.15213881264
-53	0.164315647927
-52	0.1896721167
-51	0.184371611928
-50	0.174486886813
-49	0.213022989073
-48	0.206003401673
-47	0.180073905356
-46	0.212306704644
-45	0.209584823816
-44	0.263879183505
-43	0.242820421304
-42	0.223480741731
-41	0.253421430848
-40	0.258721935619
-39	0.275339734363
-38	0.310724185138
-37	0.26273312842
-36	0.374043728628
-35	1.05766558731
-34	0.292673817536
-33	0.318173543195
-32	0.341094644911
-31	0.281786294221
-30	0.356423131684
-29	1.76764671296
-28	2.5249026109
-27	0.802668330717
-26	1.61636744164
-25	1.58126950463
-24	0.638495939676
-23	0.89306342561
-22	0.656976077935
-21	0.630903324733
-20	0.718146768139
-19	0.317457258767
-18	0.446101942148
-17	0.672447821593
-16	0.450972676262
-15	0.395389004601
-14	0.331066662911
-13	0.371321847799
-12	0.349403544283
-11	0.290954734908
-10	0.26072753202
-9	0.299406891165
-8	0.328774552739
-7	0.221188631559
-6	0.269322945163
-5	0.273334137963
-4	0.212020190873
-3	0.221475145331
-2	0.20843876873
-1	0.185517667014
0	0.223910512388
1	0.491800888694
2	2.53908504259
3	6.19586030761
4	0.980306869016
5	1.05795210108
6	1.88024662514
7	0.575462909957
8	1.05924141305
9	2.38064292698
10	0.550822725613
11	1.06626100045
12	2.47805760927
13	0.51271639401
14	1.2705453195
15	3.6308457687
16	0.829170854576
17	5.8768272231
18	6.6916723891
19	1.15579655403
20	2.90353055987
21	2.49438889424
22	0.66686080305
23	1.11554136914
24	3.96850224835
25	1.23014687772
26	9.64047212486
27	5.81981098258
28	0.691071216737
29	0.859827828122
30	3.54933260072
31	0.640358279191
32	1.16439196717
33	1.34432261564
34	0.317457258767
35	2.13782250567
36	2.58335142028
37	1.25736568601
38	3.19119038641
39	3.47813392852
40	0.431776253575
41	0.701672226281
42	1.21338582209
43	0.218610007616
44	0.566867496814
45	0.966554207987
46	0.180646932899
47	0.347970975426
48	0.792497091831
49	0.179787391585
50	0.36759716877
51	0.478334741436
52	0.170618950898
53	0.345105837712
54	0.443093547547
55	0.184228355042
56	0.437363272118
57	0.74593860397
58	0.176778996985
59	0.374473499285
60	0.360004553827
61	0.143400142611
62	0.404700702173
63	0.475469603721
64	0.262303357763
65	0.645945297734
66	1.01196664076
67	0.221475145331
68	0.668006858136
69	0.921571545869
70	0.236517118332
71	0.441804235576
72	0.695798693966
73	0.174486886813
74	0.366880884342
75	0.542227312469
76	0.162883079069
77	0.383928453743
78	0.569446120757
79	0.139245692925
80	0.489508778522
81	0.526612311925
82	0.124920004352
83	0.267317348763
84	0.348400746083
85	0.163456106612
86	0.231359870446
87	0.344532810169
88	0.186090694557
89	0.580763414729
90	0.728031493255
91	0.195832162786
92	0.643223416905
93	0.524893229296
94	0.151709041983
95	0.249266981162
96	0.339518819168
97	0.13136656421
98	0.223480741731
99	0.306856249223
100	0.132226105524
101	0.402838362659
102	0.505840063495
103	0.102428673293
104	0.232362668646
105	0.271901569106
106	0.143400142611
107	0.43965538229
108	0.770435531429
109	0.175059914356
110	0.322184735996
111	0.313875836624
112	0.106726379865
113	0.225056567474
114	0.281643037335
115	0.153428124611
116	0.334648085054
117	0.547527817241
118	0.126639086981
119	0.224483539931
120	0.342383956883
121	0.103861242151
122	0.202135465758
123	0.278491385849
124	0.0954090858929
125	0.200416383129
126	0.27075551402
127	0.0823727092919
128	0.181363217328
129	0.229067760274
130	0.0994202786932
131	0.258148908076
132	0.331926204225
133	0.0975579391787
134	0.192823768186
135	0.26975271582
136	0.113029682837
137	0.346108635912
138	0.438079556547
139	0.137813124067
140	0.488505980322
141	0.586493690158
142	0.257146109876
143	0.539791945412
144	0.470025842064
145	0.14812761984
146	0.311440469566
147	0.504980522181
148	0.113889224151
149	0.294249643279
150	0.562283276471
151	0.188955832271
152	0.642650389362
153	0.420172445831
154	0.167610556298
155	0.522314605353
156	0.39409969263
157	0.154430922812
158	0.558701854328
159	1.29848041221
160	0.632479150476
161	0.713992318453
162	0.718576538797
163	0.195975419672
164	0.658265389906
165	0.547384560355
166	0.13136656421
167	0.273047624192
168	0.268463403849
169	0.100279820008
170	0.24496927459
171	0.300123175594
172	0.0985607373788
173	0.194829364586
174	0.284078404393
175	0.12936096781
176	0.246258586561
177	0.284221661278
178	0.107729178065
179	0.222907714188
180	0.30126923068
181	0.106296609208
182	0.214742071702
183	0.260154504477
184	0.0896788104639
185	0.192537254414
186	0.252705146419
187	0.116324591209
188	0.239095742275
189	0.681759519165
190	0.170332437127
191	0.41386914286
192	0.596235158388
193	0.181363217328
194	0.438939097861
195	0.393813178858
196	0.244252990161
197	0.468879786978
198	0.630903324733
199	0.152855097069
200	0.401262536916
201	0.29926363428
202	0.119476242695
203	0.438509327204
204	0.333215516196
205	0.1876665203
206	0.422321299117
207	0.397251344115
208	0.122627894181
209	0.378484692085
210	0.66585800485
211	0.17491665747
212	0.527901623897
213	0.685770711966
214	0.173770602384
215	0.387366619
216	0.423467354203
217	0.152998353954
218	0.356279874798
219	0.742213924941
220	0.149846702468
221	0.452691758891
222	0.293533358851
223	0.147554592297
224	0.235084549475
225	0.486930154579
226	0.107585921179
227	0.271185284677
228	0.290954734908
229	0.0977011960645
230	0.263019642191
231	0.307859047423
232	0.105293811008
233	0.284221661278
234	0.46443882352
235	0.221904915988
236	0.215601613016
237	0.27276111042
238	0.0977011960645
239	0.257289366762
240	0.396678316573
241	0.44366657509
242	1.27398348475
243	0.426045978146
244	0.155720234783
245	0.355706847255
246	0.427908317661
247	0.138529408496
248	0.255283770362
249	0.503834467095
250	0.271901569106
251	0.376765609457
252	0.704537363996
253	0.3803470316
254	0.650672774963
255	0.699666629881
256	0.116181334323
257	0.275482991249
258	0.412436574002
259	0.144116427039
260	0.318746570738
261	0.501399100038
262	0.107156150522
263	0.301555744451
264	0.319462855167
265	0.237806430304
266	0.281929551107
267	0.61557483796
268	0.136810325867
269	0.522314605353
270	1.11468182783
271	0.947644299071
272	1.13015357148
273	0.686343739509
274	0.174057116156
275	0.797654339717
276	0.455127125948
277	0.125636288781
278	0.293819872622
279	0.226059365674
280	0.0777884889487
281	0.196118676558
282	0.227491934531
283	0.0866704158636
284	0.239238999161
285	0.229927301589
286	0.0898220673496
287	0.272044825992
288	0.257432623648
289	0.0889625260352
290	0.198410786729
291	0.234798035703
292	0.0742070668056
293	0.181792987985
294	0.239812026704
295	0.0871001865208
296	0.196834960986
297	0.252561889533
298	0.084378305692
299	0.207865741187
300	0.225343081245
301	0.077645232063
302	0.1936833095
1526
