-34	0.379487490286
-33	0.40713606923
-32	0.463722539092
-31	0.437936299661
-30	0.449826621177
-29	0.418023592546
-28	0.59079139673
-27	0.5660079555
-26	0.446818226576
-25	0.396391802801
-24	0.424470152403
-23	0.361723636456
-22	0.369602765171
-21	0.468879786978
-20	0.512000109581
-19	0.695655437081
-18	0.506126577266
-17	0.571881487814
-16	0.598384011673
-15	0.716284428625
-14	0.735624108198
-13	0.848797047921
-12	1.72438313347
-11	0.941054482328
-10	4.64897245555
-9	4.00030527699
-8	2.18853544322
-7	1.66650735164
-6	1.56952244
-5	1.09777751531
-4	0.90108581121
-3	0.849370075464
-2	0.754677273999
-1	0.615431581075
0	3.25479644367
1	8.2341192777
2	3.51495094815
3	3.99772665304
4	4.26131932278
5	10.3368438464
6	10.750999503
7	4.27679106643
8	14.8391212509
9	7.37071002744
10	5.35408284709
11	3.79960238008
12	7.0319074927
13	4.61158240837
14	1.99886332652
15	1.49517211631
16	1.33988165219
17	0.994059530046
18	1.06468517471
19	1.29719110024
20	0.908105398611
21	1.38371825922
22	1.90144864423
23	1.59989289978
24	1.23716646512
25	1.08903884528
26	1.1982005922
27	0.91884966504
28	0.743216723141
29	1.11138691945
30	1.56708707295
31	0.925869252441
32	0.694366125109
33	0.841920717406
34	0.840631405434
35	0.854957094007
36	1.26768018178
37	0.645658783963
38	0.769719247001
39	0.898650444153
40	0.648380664791
41	0.574316854872
42	0.53449144064
43	0.586636947044
44	0.622307911589
45	0.728891034569
46	1.06439866094
47	1.38343174545
48	0.92959393147
49	0.913119389611
50	1.3938894981
51	1.11009760748
52	1.10723246977
53	2.64495188114
54	1.57281734837
55	0.951798748757
56	0.613712498446
57	0.593513277559
58	0.659697958764
59	0.614858553532
60	0.622307911589
61	0.542370569355
62	0.608125479903
63	1.26596109915
64	1.21653747358
65	1.106945956
66	1.18502095872
67	0.857249204178
68	0.943203335613
69	0.898363930382
70	1.36867628622
71	1.24690793335
72	0.932745582956
73	1.3447523863
74	0.676172500622
75	0.865701360436
76	0.651675573163
77	0.697374519709
78	0.901945352525
79	0.627751673247
80	2.11432837642
81	0.937473060184
82	0.821721496519
83	1.15250164566
84	1.73555717056
85	1.09133095545
86	0.87529957178
87	0.910110995011
88	0.839198836577
89	1.27469976918
90	3.19247969838
91	1.65805519538
92	0.874583287351
93	0.49996653118
94	0.553401349556
95	0.59179419493
96	0.544805936412
97	0.490798090494
98	0.523747174211
99	0.544805936412
100	0.496671622809
1526
