-34	0.19759027509
-33	0.171270334972
-32	0.184697318916
-31	0.213534818524
-30	0.20872856859
-29	0.207507933686
-28	0.208347120182
-27	0.331554955808
-26	0.221392655719
-25	0.223833925527
-24	0.229021623869
-23	0.206516167826
-22	0.214297715339
-21	0.248094044245
-20	0.320416662309
-19	0.293410115057
-18	0.300199896711
-17	0.343532435804
-16	0.354289280895
-15	0.390984617698
-14	0.399757931071
-13	0.551345528215
-12	0.515107929502
-11	0.564696222478
-10	0.620616559019
-9	0.545852671147
-8	0.570951976361
-7	0.558440468595
-6	0.418372613357
-5	0.523804953193
-4	0.505266560588
-3	0.471775390409
-2	0.466969140474
-1	0.387399002667
0	1.21888024136
1	4.79175489514
2	2.16395681581
3	2.71720958606
4	2.45744322054
5	2.4097621696
6	1.81989035223
7	1.79326525339
8	1.32820335495
9	1.26015295905
10	1.15937428979
11	1.05935851734
12	0.847730940851
13	0.781435207625
14	0.610546321061
15	0.650674693531
16	0.603146221955
17	0.61710723367
18	0.58559959521
19	0.710333224465
20	0.594372908582
21	0.597348206161
22	0.613674198002
23	0.67447707416
24	0.617183523351
25	0.564619932797
26	0.510072810523
27	0.572172611265
28	0.527009119816
29	0.580564476231
30	0.461399993724
31	0.516099695361
32	0.587049099158
33	0.531510211025
34	0.448125589143
35	0.442480152712
36	0.506029457403
37	0.517854358036
38	0.549667155222
39	0.521821421474
40	0.525025588097
41	0.451863783537
42	0.484210608493
43	0.467198009518
44	0.522508028607
45	0.436834716281
46	0.505571719314
47	0.436605847236
48	0.497790171801
49	0.481159021233
50	0.58155624209
51	0.466206243659
52	0.541580448983
53	0.513353266827
54	0.53128134198
55	0.504732532817
56	0.433935708384
57	0.463459815125
58	0.520905945296
59	0.480777572826
60	0.490847810784
61	0.488864279065
62	0.520524496888
63	0.549438286178
64	0.555770329742
65	0.565916857382
66	0.647851975315
67	0.71918282752
68	0.550506341719
69	0.555465171016
70	0.488177671932
71	0.491686997281
72	0.495501481356
73	0.541504159301
74	0.503283028869
75	0.604595725904
76	0.520829655614
77	0.532883425292
78	0.512895528738
79	0.519837889755
80	0.727803561529
81	0.585370726165
82	0.584836698395
83	0.5637807463
84	0.542419635479
85	0.734898501909
86	0.684471022436
87	0.644418939648
88	0.559279655091
89	0.518235806443
90	0.527619437268
91	0.542343345798
92	0.557143544009
93	0.522279159563
94	0.648309713404
95	0.507478961352
96	0.479709517285
97	0.644266360285
98	0.831404949009
99	0.503817056639
100	0.536697909367
1526
