-102	0.0834715711832
-101	0.0679118219917
-100	0.0710723960462
-99	0.0927101722656
-98	0.0960328270408
-97	0.126585042901
-96	0.103083338393
-95	0.092142889743
-94	0.074719212263
-93	0.0750433737045
-92	0.0883339928055
-91	0.0803109971287
-90	0.095627625239
-89	0.103164378754
-88	0.0733415261367
-87	0.078203947759
-86	0.0697757502803
-85	0.0863079837962
-84	0.0945741005541
-83	0.0983829974916
-82	0.114023787043
-81	0.169455393538
-80	0.139551500561
-79	0.0801489164079
-78	0.0962759481219
-77	0.0876046295621
-76	0.0944930601938
-75	0.0953845041578
-74	0.0812024410927
-73	0.0766641809119
-72	0.100571087222
-71	0.0748812929837
-70	0.087361508481
-69	0.09149456686
-68	0.0733415261367
-67	0.0687222255955
-66	0.0727742436141
-65	0.0714775978481
-64	0.0892254367696
-63	0.0927101722656
-62	0.0981398764105
-61	0.118237885783
-60	0.14165854993
-59	0.114672109926
-58	0.129097294073
-57	0.140605025245
-56	0.130474980199
-55	0.118481006864
-54	0.105271428123
-53	0.108350961817
-52	0.142631034255
-51	0.143279357138
-50	0.114104827404
-49	0.148546980562
-48	0.135823643983
-47	0.125450477856
-46	0.155678532275
-45	0.157461420203
-44	0.173102209755
-43	0.177154227773
-42	0.166781061646
-41	0.163944649033
-40	0.194334784172
-39	0.190687967955
-38	0.210461815886
-37	0.187770514982
-36	0.25260280328
-35	0.331374033561
-34	0.196522873902
-33	0.204545869579
-32	0.20697708039
-31	0.184609940927
-30	0.19814368111
-29	0.422949640781
-28	0.466792475743
-27	0.258923951389
-26	0.383726106361
-25	0.322540634281
-24	0.268162552471
-23	0.232504793907
-22	0.314193477162
-21	0.30722400617
-20	0.237853457692
-19	0.171076200745
-18	0.184042658405
-17	0.181935609035
-16	0.179828559665
-15	0.207382282192
-14	0.209975573724
-13	0.242715879314
-12	0.224562838591
-11	0.184285779486
-10	0.168888111015
-9	0.167429384529
-8	0.183475375882
-7	0.132419948848
-6	0.159649509933
-5	0.179828559665
-4	0.153247321463
-3	0.143036236057
-2	0.136147805425
-1	0.128367930829
0	0.145143285426
1	0.418816582402
2	2.09327250841
3	4.62002990445
4	0.849870259221
5	0.892254367696
6	1.37736196488
7	0.449206717542
8	0.800354599034
9	1.54446718797
10	0.476922520789
11	0.759915459208
12	1.53717355554
13	0.401149783841
14	0.605857734141
15	1.83159318477
16	0.295230032835
17	1.26471586397
18	1.34940304055
19	0.325701208335
20	0.704240731633
21	1.21447084053
22	0.270674803642
23	0.530652279716
24	0.999227643387
25	0.292393620222
26	0.836336519039
27	1.01008705168
28	0.241986516071
29	0.393369909246
30	0.714289736319
31	0.209003089399
32	0.423111721502
33	0.594917285491
34	0.166862102006
35	0.480650377366
36	0.655130273247
37	0.375865191405
38	0.811781289846
39	1.1032834661
40	0.18963444327
41	0.287288077519
42	0.423435882944
43	0.108756163619
44	0.263381171209
45	0.408443416275
46	0.119939733351
47	0.240608829944
48	0.396854644742
49	0.130231859118
50	0.25268384364
51	0.322216472839
52	0.125531518216
53	0.239150103458
54	0.316057405451
55	0.108756163619
56	0.253089045442
57	0.35722590852
58	0.122533024882
59	0.231451269222
60	0.282020454095
61	0.104055822718
62	0.205680434624
63	0.302928867071
64	0.0992744414557
65	0.220267699491
66	0.321243988515
67	0.11985869299
68	0.346609621311
69	0.425948134115
70	0.141253348128
71	0.316624687973
72	0.407065730149
73	0.116373957494
74	0.223833475347
75	0.305603198963
76	0.104055822718
77	0.193038138406
78	0.275132023463
79	0.109404486502
80	0.228047574087
81	0.269216077156
82	0.0942499391126
83	0.194739985974
84	0.24620061481
85	0.0931153740674
86	0.189877564352
87	0.295473153916
88	0.103083338393
89	0.203411304534
90	0.248955987063
91	0.0945741005541
92	0.189796523991
93	0.355848222393
94	0.0922239301033
95	0.200736972641
96	0.290124490132
97	0.0952224234371
98	0.184204739126
99	0.240446749224
100	0.0834715711832
101	0.217269206157
102	0.255763377334
103	0.084525095868
104	0.179585438584
105	0.253494247244
106	0.0976536342483
107	0.193200219127
108	0.313302033198
109	0.0897116789318
110	0.181368326513
111	0.241419233548
112	0.0891443964092
113	0.159244308131
114	0.226994049402
115	0.109809688304
116	0.23096502706
117	0.330725710678
118	0.0905220825355
119	0.168807070655
120	0.280075485446
121	0.0813645218135
122	0.192227734802
123	0.244903969044
124	0.0786901899212
125	0.165160254438
126	0.231208148141
127	0.0781229073986
128	0.175209259124
129	0.253818408685
130	0.0799868356872
131	0.1961176721
132	0.282992938419
133	0.0833905308228
134	0.181368326513
135	0.240527789584
136	0.0858217416339
137	0.241257152827
138	0.38121385519
139	0.0931964144278
140	0.2351791258
141	0.281534211932
142	0.0932774547882
143	0.201061134083
144	0.277482193914
145	0.0872804681206
146	0.195469349217
147	0.304549674278
148	0.0902789614544
149	0.206166676786
150	0.412981676456
151	0.0961138674012
152	0.204951071381
153	0.267838391029
154	0.0938447373108
155	0.252521762919
156	0.288665763645
157	0.0959517866804
158	0.250333673189
159	0.49450827899
160	0.151059231733
161	0.227237170483
162	0.310789782027
163	0.102029813708
164	0.265974462741
165	0.350256437528
166	0.112565060557
167	0.217107125437
168	0.26581238202
169	0.0837146922643
170	0.203492344894
171	0.281453171572
172	0.0876046295621
173	0.204302748498
174	0.310708741666
175	0.107297437133
176	0.239879466701
177	0.296850840043
178	0.0844440555076
179	0.210542856246
180	0.330644670318
181	0.0934395355089
182	0.196360793181
183	0.272052489769
184	0.0778797863175
185	0.208516847237
186	0.27667179031
187	0.0961949077616
188	0.206733959309
189	0.310627701306
190	0.0940878583919
191	0.236394731205
192	0.328213459507
193	0.0979777956897
194	0.261112041119
195	0.331292993201
196	0.108107840736
197	0.258437709226
198	0.367842195729
199	0.0940878583919
200	0.29839060689
201	0.333643163652
202	0.110133849746
203	0.277806355355
204	0.297337082205
205	0.106000791367
206	0.289476167249
207	0.332346517886
208	0.105514549204
209	0.273349135535
210	0.527572746022
211	0.10243501551
212	0.222698910302
213	0.326511611939
214	0.100003804699
215	0.258032507424
216	0.343449047257
217	0.118724127945
218	0.306737764008
219	0.503827920433
220	0.12626088146
221	0.31581428437
222	0.337452060589
223	0.101786692627
224	0.201223214804
225	0.368409478251
226	0.11540147317
227	0.265407180218
228	0.358684635006
229	0.0946551409145
230	0.274078498778
231	0.338262464193
232	0.0975725938879
233	0.23955530526
234	0.292798822024
235	0.141982711372
236	0.23744825589
237	0.353335971222
238	0.0974105131671
239	0.260220597154
240	0.624659097747
241	0.128773132631
242	0.26800047175
243	0.312977871757
244	0.107783679295
245	0.252197601478
246	0.33980223104
247	0.09149456686
248	0.246038534089
249	0.465982072139
250	0.159487429212
251	0.338748706355
252	0.553586701701
253	0.174641976602
254	0.277644274634
255	0.38996621411
256	0.0970053113653
257	0.244822928684
258	0.40747093195
259	0.109971769025
260	0.276023467427
261	0.370030285459
262	0.105676629925
263	0.252197601478
264	0.344502571941
265	0.120101814071
266	0.237853457692
267	0.352201406177
268	0.102921257672
269	0.400501460958
270	0.512418198632
271	0.214189672463
272	0.384455469605
273	0.472222179888
274	0.117022280377
275	0.284370624545
276	0.363222895187
277	0.108350961817
278	0.245795413008
279	0.281615252293
280	0.0923860108241
281	0.23955530526
282	0.354308455546
283	0.0897927192922
284	0.280318606527
285	0.292393620222
286	0.0888202349677
287	0.261598283281
288	0.301389100223
289	0.0800678760475
290	0.212325744175
291	0.288260561843
292	0.0793385128042
293	0.239150103458
294	0.329672185993
295	0.100733167942
296	0.243850444359
297	0.297012920763
298	0.086713185598
299	0.223104112104
300	0.332103396804
301	0.0952224234371
302	0.223914515708
1526
