-102	0.0742298601015
-101	0.0598111102976
-100	0.0635493046912
-99	0.0601925587051
-98	0.0501223207468
-97	0.0609554555201
-96	0.0645410705507
-95	0.056683233356
-94	0.0634730150097
-93	0.0630915666022
-92	0.0688132927148
-91	0.0816299592072
-90	0.0676689474923
-89	0.0787309513101
-88	0.0623286697872
-87	0.0623286697872
-86	0.0686607133518
-85	0.0765185505465
-84	0.0718648799749
-83	0.0675163681293
-82	0.0689658720778
-81	0.147773113069
-80	0.0966590264631
-79	0.0871228162753
-78	0.0798752965326
-77	0.0691947411223
-76	0.0723226180639
-75	0.09345485984
-74	0.0637018840542
-73	0.0666771816328
-72	0.0860547607343
-71	0.0592007928456
-70	0.0837660702892
-69	0.074763887872
-68	0.0653802570472
-67	0.0663720229068
-66	0.0691184514408
-65	0.0689658720778
-64	0.0762133918205
-63	0.0682029752628
-62	0.0890300583129
-61	0.0908610106689
-60	0.126106843523
-59	0.0851392845563
-58	0.109170534229
-57	0.105737498562
-56	0.0999394827677
-55	0.0877331337273
-54	0.0887248995869
-53	0.0908610106689
-52	0.120613986455
-51	0.134880156896
-50	0.0978796613671
-49	0.110772617541
-48	0.138618351289
-47	0.095438391559
-46	0.120232538047
-45	0.121682041996
-44	0.113137597668
-43	0.156164978035
-42	0.114815970661
-41	0.131904859317
-40	0.153037101093
-39	0.146018450395
-38	0.223528766801
-37	0.181798311019
-36	0.157843351028
-35	0.16051348988
-34	0.196751088594
-33	0.21994315177
-32	0.150443251922
-31	0.194309818786
-30	0.22452053266
-29	0.193470632289
-28	0.202625394069
-27	0.154181446316
-26	0.165930057267
-25	0.225741167565
-24	0.185155057005
-23	0.161047517651
-22	0.224749401705
-21	0.229326782595
-20	0.166235215993
-19	0.162878470007
-18	0.147391664662
-17	0.127174899064
-16	0.143806049631
-15	0.15387628759
-14	0.168371327075
-13	0.201557338528
-12	0.181035414204
-11	0.153799997908
-10	0.170431148476
-9	0.151053569374
-8	0.185612795094
-7	0.13510902594
-6	0.138008033837
-5	0.178670434078
-4	0.150290672559
-3	0.125115077663
-2	0.124886208619
-1	0.137397716385
0	0.102304462894
1	0.233217556352
2	0.883358222112
3	3.59927088358
4	0.598568841065
5	0.593915170493
6	1.41685196486
7	0.289824500026
8	0.457280350923
9	1.79837666205
10	0.452092652581
11	0.466740271429
12	1.83469055044
13	0.240465076094
14	0.382287594007
15	1.65975831076
16	0.206439878145
17	0.543563980702
18	1.19339948774
19	0.241304262591
20	0.385186601904
21	1.24024135218
22	0.217959620051
23	0.335064281157
24	0.809814969144
25	0.162420731918
26	0.355967653889
27	0.8512402662
28	0.15387628759
29	0.255036405261
30	0.713308522044
31	0.161886704147
32	0.284179063595
33	0.6887432446
34	0.143272021861
35	0.227343250876
36	0.498705647979
37	0.130226486324
38	0.218798806548
39	0.481387890278
40	0.11374791512
41	0.186299402228
42	0.379464875791
43	0.0891826376759
44	0.141898807594
45	0.383508228911
46	0.103296228754
47	0.163870235866
48	0.343685015167
49	0.0880382924534
50	0.171422914335
51	0.365809022802
52	0.10413541525
53	0.147162795617
54	0.318051682182
55	0.0820876972962
56	0.185460215731
57	0.403877573872
58	0.103982835887
59	0.202472814706
60	0.329571424089
61	0.0935311495215
62	0.171270334972
63	0.347118050834
64	0.0852155742378
65	0.165014581089
66	0.331631245489
67	0.0992528756342
68	0.182790076879
69	0.39411249464
70	0.10665297474
71	0.17371160478
72	0.359858427645
73	0.0974219232781
74	0.159903172428
75	0.324917753517
76	0.0962012883741
77	0.143500890905
78	0.276626385126
79	0.0827743044297
80	0.150672120967
81	0.335598308927
82	0.0904795622614
83	0.146094740076
84	0.297300888813
85	0.0862073400973
86	0.143500890905
87	0.351313983317
88	0.0893352170389
89	0.139915275875
90	0.241685710998
91	0.075526784687
92	0.144187498039
93	0.279906841431
94	0.0859784710528
95	0.150214382878
96	0.360392455416
97	0.0868939472308
98	0.139762696512
99	0.314771225877
100	0.076594840228
101	0.140144144919
102	0.262131345641
103	0.0647699395952
104	0.121224303907
105	0.24427956017
106	0.0711019831599
107	0.127098609382
108	0.285170829455
109	0.0745350188275
110	0.146323609121
111	0.261978766278
112	0.0894115067204
113	0.166464085037
114	0.297529757858
115	0.0842238083782
116	0.167913588986
117	0.314008329062
118	0.0822402766592
119	0.125572815752
120	0.322629063072
121	0.0684318443073
122	0.133964680718
123	0.253205452905
124	0.0663720229068
125	0.132286307725
126	0.277007833534
127	0.0762133918205
128	0.130989383139
129	0.266937595576
130	0.0701865069819
131	0.130073906961
132	0.31843313059
133	0.076747419591
134	0.127327478427
135	0.256028171121
136	0.0614894832906
137	0.119317061869
138	0.293028666649
139	0.076442260865
140	0.1361007918
141	0.254883825898
142	0.0668297609958
143	0.114892260342
144	0.308515471994
145	0.0677452371738
146	0.121529462633
147	0.290816265886
148	0.0646173602322
149	0.125725395115
150	0.379312296428
151	0.0707968244339
152	0.131447121228
153	0.245271326029
154	0.075831943413
155	0.145102974217
156	0.303327773652
157	0.0768237092726
158	0.161428966058
159	0.279220234297
160	0.0909373003504
161	0.143195732179
162	0.300123607029
163	0.0797227171696
164	0.151435017782
165	0.30370922206
166	0.0705679553894
167	0.130455355368
168	0.240693945139
169	0.0661431538623
170	0.127098609382
171	0.266022119398
172	0.0678215268553
173	0.129616168872
174	0.287840968307
175	0.0785020822656
176	0.154562894723
177	0.306608229957
178	0.0618709316982
179	0.112298411171
180	0.287917257989
181	0.0717123006119
182	0.131218252184
183	0.272201583599
184	0.0634730150097
185	0.153189680456
186	0.28646775404
187	0.0716360109304
188	0.162420731918
189	0.314847515559
190	0.0793412687621
191	0.155249501857
192	0.308744341039
193	0.075069046598
194	0.171956942106
195	0.337200392239
196	0.0709494037969
197	0.157767061346
198	0.376718447257
199	0.0742298601015
200	0.196903667957
201	0.464299001621
202	0.092691963025
203	0.162191862873
204	0.334301384342
205	0.0674400784478
206	0.148764878929
207	0.344447911982
208	0.0721700387009
209	0.138847220334
210	0.288069837352
211	0.0680503958998
212	0.13205743868
213	0.285704857225
214	0.0678978165368
215	0.138084323519
216	0.281966662832
217	0.0676689474923
218	0.145865871032
219	0.319348606768
220	0.0826980147482
221	0.139457537786
222	0.301725690341
223	0.0721700387009
224	0.129387299827
225	0.358485213378
226	0.0895640860834
227	0.156546426442
228	0.289900789708
229	0.0723989077454
230	0.158529958161
231	0.325604360651
232	0.0646936499137
233	0.142585414727
234	0.28288213901
235	0.0800278758956
236	0.149985513833
237	0.306531940275
238	0.0678215268553
239	0.145484422624
240	0.472309418179
241	0.0991002962711
242	0.156393847079
243	0.334301384342
244	0.0867413678678
245	0.164327973955
246	0.345287098478
247	0.073390673605
248	0.166158926311
249	0.308668051357
250	0.0835372012447
251	0.171575493698
252	0.320340372627
253	0.0688895823963
254	0.153189680456
255	0.450032831181
256	0.0872753956383
257	0.19759027509
258	0.439886303541
259	0.0694236101669
260	0.175161108729
261	0.359858427645
262	0.100244641494
263	0.184315870509
264	0.339489082684
265	0.0717123006119
266	0.148078271795
267	0.316602178233
268	0.0704153760264
269	0.131218252184
270	0.278075889075
271	0.0694236101669
272	0.180119938026
273	0.327053864599
274	0.0664483125883
275	0.14884116861
276	0.34894900319
277	0.0685844236703
278	0.139610117149
279	0.295317357094
280	0.0685081339888
281	0.15845366848
282	0.396019736677
283	0.0722463283824
284	0.180043648345
285	0.304472118875
286	0.0651513880027
287	0.137855454474
288	0.278533627164
289	0.0711782728414
290	0.129997617279
291	0.337047812876
292	0.0634730150097
293	0.243745532399
294	0.551269238534
295	0.095438391559
296	0.184697318916
297	0.291274003975
298	0.0701865069819
299	0.142356545683
300	0.331478666126
301	0.0678215268553
302	0.137397716385
1526
