-102	0.0646057131618
-101	0.0551559222814
-100	0.0485024980901
-99	0.056120186657
-98	0.0450311463381
-97	0.0497560417783
-96	0.0566987452823
-95	0.0512988647792
-94	0.0531309670928
-93	0.0505274532788
-92	0.0655699775373
-91	0.0701020201024
-90	0.0614236407225
-89	0.0564094659696
-88	0.0512988647792
-87	0.052648834905
-86	0.056120186657
-85	0.0587237004709
-84	0.0548666429687
-83	0.058916553346
-82	0.0655699775373
-81	0.119472356131
-80	0.0941122030536
-79	0.0728983867915
-78	0.0593022590963
-77	0.0617129200351
-76	0.0749233419802
-75	0.0930515122405
-74	0.0553487751565
-73	0.0610379349723
-72	0.0806125017959
-71	0.0657628304124
-70	0.0732840925417
-69	0.0727055339164
-68	0.0585308475958
-67	0.0625807579731
-66	0.0581451418456
-65	0.0538059521556
-64	0.068462770664
-63	0.0631593165985
-62	0.079937516733
-61	0.0971978490553
-60	0.0976799812431
-59	0.0819624719217
-58	0.0913158363645
-57	0.0836981477977
-56	0.0797446638579
-55	0.0846624121732
-54	0.0730912396666
-53	0.0836017213601
-52	0.116097430816
-51	0.127282897572
-50	0.0894837340509
-49	0.0952693203042
-48	0.100090642182
-47	0.0833124420474
-46	0.105876228435
-45	0.105876228435
-44	0.113686769877
-43	0.141457583893
-42	0.106840492811
-41	0.116579563004
-40	0.137214820641
-39	0.12815073551
-38	0.212909574121
-37	0.183306657792
-36	0.132972057388
-35	0.154089447213
-34	0.199120593551
-33	0.19246716936
-32	0.142614701144
-31	0.189092244045
-30	0.169035545034
-29	0.194684977423
-28	0.197867049863
-27	0.147146743709
-26	0.169324824346
-25	0.234219816821
-24	0.180510291103
-23	0.161032150717
-22	0.213295279871
-21	0.198059902738
-20	0.153703741463
-19	0.164117796718
-18	0.150039536835
-17	0.130175690699
-16	0.156017975964
-15	0.146664611521
-14	0.165949899032
-13	0.209245369494
-12	0.177038939351
-11	0.143289686207
-10	0.163635664531
-9	0.14512178852
-8	0.167299869158
-7	0.118508091755
-6	0.137986232141
-5	0.200952695864
-4	0.144253950582
-3	0.119183076818
-2	0.111179682501
-1	0.148014581647
0	0.12342584007
1	0.275008199907
2	1.15615298628
3	2.75972464282
4	0.554644868816
5	0.681542060638
6	1.33907393832
7	0.327271329061
8	0.561394719445
9	1.49422407635
10	0.470368162393
11	0.677781429573
12	1.49027059241
13	0.263726306713
14	0.477792998085
15	1.30223903918
16	0.219755851188
17	0.688484764142
18	1.00302780345
19	0.231134170819
20	0.476539454396
21	1.09530790419
22	0.225637863878
23	0.431411881621
24	0.702563024025
25	0.198059902738
26	0.460436239325
27	0.774304293566
28	0.172796176098
29	0.294389913855
30	0.565733909135
31	0.16758914847
32	0.424662030992
33	0.621564816479
34	0.156403681714
35	0.308371747301
36	0.452914977195
37	0.14868956671
38	0.29892195642
39	0.50990300179
40	0.149653831085
41	0.233641258196
42	0.357067098266
43	0.0982585398684
44	0.200856269427
45	0.340096045256
46	0.110504697438
47	0.209727501682
48	0.287157931038
49	0.0987406720562
50	0.207316840743
51	0.32023219912
52	0.108769021562
53	0.185235186543
54	0.279829521784
55	0.0929550858029
56	0.222552217877
57	0.35571712814
58	0.116579563004
59	0.22872350988
60	0.26816192284
61	0.102694155996
62	0.207413267181
63	0.304996821986
64	0.0919908214274
65	0.198638461363
66	0.291400694291
67	0.106358360623
68	0.236051919134
69	0.354752863764
70	0.107901183624
71	0.231712729444
72	0.320714331308
73	0.0958478789296
74	0.179256747415
75	0.293329223042
76	0.0912194099269
77	0.17154263241
78	0.231037744382
79	0.0859159558614
80	0.181185276166
81	0.299596941483
82	0.0998013628693
83	0.185235186543
84	0.26816192284
85	0.0870730731121
86	0.184367348605
87	0.355524275265
88	0.107515477874
89	0.186006598043
90	0.235184081196
91	0.0824446041094
92	0.181281702603
93	0.257169308959
94	0.104140552559
95	0.187260141732
96	0.324764241685
97	0.0833124420474
98	0.17983530604
99	0.319460787619
100	0.082541030547
101	0.19323858086
102	0.249455193955
103	0.0739590776046
104	0.163924943843
105	0.218020175312
106	0.0759840327933
107	0.184463775043
108	0.298729103545
109	0.0798410902955
110	0.182245966979
111	0.243091049076
112	0.0867837937994
113	0.197095638362
114	0.271054715967
115	0.0982585398684
116	0.212041736183
117	0.284650843662
118	0.0858195294239
119	0.166914163408
120	0.285711534475
121	0.0771411500439
122	0.176653233601
123	0.23624477201
124	0.0746340626675
125	0.175399689912
126	0.235473360509
127	0.0820588983592
128	0.164117796718
129	0.263533453838
130	0.0788768259199
131	0.176942512913
132	0.29776483917
133	0.0822517512343
134	0.175206837037
135	0.257458588272
136	0.0655699775373
137	0.164696355344
138	0.288990033352
139	0.0796482374203
140	0.194106418798
141	0.263147748087
142	0.0819624719217
143	0.172217617473
144	0.267969069965
145	0.0711627109155
146	0.174531851974
147	0.276551022907
148	0.0749233419802
149	0.176653233601
150	0.304514689798
151	0.0753090477304
152	0.173374734724
153	0.250515884768
154	0.0869766466745
155	0.195070683174
156	0.256976456084
157	0.0780089879819
158	0.196420653299
159	0.262762042337
160	0.0924729536151
161	0.173085455411
162	0.289568591977
163	0.0885194696754
164	0.197384917675
165	0.28985787129
166	0.083408868485
167	0.183306657792
168	0.245019577827
169	0.0732840925417
170	0.184078069292
171	0.25398723652
172	0.0815767661714
173	0.174146146224
174	0.292847090854
175	0.0929550858029
176	0.206738282118
177	0.30287544036
178	0.0801303696081
179	0.17154263241
180	0.270861863092
181	0.091412262802
182	0.188802964732
183	0.271247568842
184	0.0753090477304
185	0.218791586812
186	0.294872046043
187	0.0880373374876
188	0.1979634763
189	0.28985787129
190	0.0875552052998
191	0.207509693618
192	0.318689376119
193	0.0900622926763
194	0.239426844449
195	0.323414271559
196	0.0832160156099
197	0.235087654759
198	0.358417068392
199	0.0927622329278
200	0.283879432162
201	0.444911582878
202	0.109926138813
203	0.240680388137
204	0.369216829398
205	0.0970049961802
206	0.216091646561
207	0.341253162507
208	0.0805160753583
209	0.215127382185
210	0.307021777175
211	0.0935336444283
212	0.192756448672
213	0.283879432162
214	0.079937516733
215	0.190152934858
216	0.27722600797
217	0.0778161351068
218	0.214452397122
219	0.323028565809
220	0.0928586593654
221	0.204134768304
222	0.308178894425
223	0.0908337041767
224	0.208377531556
225	0.346170910822
226	0.126415059634
227	0.230844891506
228	0.314543039304
229	0.0971978490553
230	0.252540839956
231	0.332671209564
232	0.0820588983592
233	0.228434230568
234	0.297861265607
235	0.103947699684
236	0.224673599503
237	0.318592949681
238	0.102019170933
239	0.243573181264
240	0.507010208664
241	0.118797371068
242	0.227759245505
243	0.361695567268
244	0.114843887128
245	0.227277113317
246	0.354077878702
247	0.0858195294239
248	0.22361290869
249	0.306057512799
250	0.0985478191811
251	0.239426844449
252	0.32852487275
253	0.0897730133636
254	0.234123390383
255	0.428133382744
256	0.097487128368
257	0.257651441147
258	0.398819745727
259	0.086880220237
260	0.25553005952
261	0.344628087821
262	0.123715119383
263	0.270090451591
264	0.348581571761
265	0.0933407915531
266	0.221491527064
267	0.318110817494
268	0.0800339431706
269	0.193335007298
270	0.289279312665
271	0.0907372777392
272	0.270572583779
273	0.318592949681
274	0.0863980880492
275	0.213102426996
276	0.333442621065
277	0.0874587788623
278	0.201241975177
279	0.280311653972
280	0.0862052351741
281	0.244441019202
282	0.363045537394
283	0.0865909409243
284	0.233834111071
285	0.291207841416
286	0.0780089879819
287	0.20230266599
288	0.252251560644
289	0.0821553247968
290	0.1758818221
291	0.287736489664
292	0.0637378752238
293	0.293232796604
294	0.480107232586
295	0.105586949123
296	0.225927143191
297	0.323992830184
298	0.0875552052998
299	0.202881224616
300	0.346845895885
301	0.0810946339837
302	0.196902785487
1526
