-102	0.121255858167
-101	0.13492470036
-100	0.147050286177
-99	0.119271671397
-98	0.0986581755084
-97	0.109350737547
-96	0.132499583197
-95	0.15741215042
-94	0.154546102863
-93	0.137680515318
-92	0.128420977058
-91	0.119492136593
-90	0.125885627297
-89	0.160829360968
-88	0.110893993923
-87	0.115523763053
-86	0.126767488083
-85	0.14616842539
-84	0.118500043208
-83	0.16667168868
-82	0.25728288451
-81	0.20569402849
-80	0.191253558108
-79	0.173065179383
-78	0.161711221755
-77	0.144404703817
-76	0.13492470036
-75	0.13492470036
-74	0.11706701943
-73	0.129192605247
-72	0.139444236892
-71	0.120043299585
-70	0.133050746188
-69	0.132279118
-68	0.129413070443
-67	0.119492136593
-66	0.104831201015
-65	0.107697248572
-64	0.151128892315
-63	0.147160518775
-62	0.164136338918
-61	0.215835427537
-60	0.161490756558
-59	0.15013679893
-58	0.183978206618
-57	0.198639142197
-56	0.203268911327
-55	0.193678675272
-54	0.159286104592
-53	0.178135878907
-52	0.199521002983
-51	0.181994019848
-50	0.171191225212
-49	0.205804261088
-48	0.192907047083
-47	0.171080992613
-46	0.196214025033
-45	0.210764728013
-44	0.28043173016
-43	0.25728288451
-42	0.225205198395
-41	0.240637762162
-40	0.250779161209
-39	0.25529869774
-38	0.279439636775
-37	0.254416836954
-36	0.318682441782
-35	1.42949633519
-34	0.318461976585
-33	0.325737328075
-32	0.35913780537
-31	0.274920100244
-30	0.363877807099
-29	2.33814364325
-28	2.235847792
-27	0.843720307644
-26	1.44085029282
-25	1.39741864907
-24	0.854523102281
-23	0.950425462831
-22	0.903907306334
-21	0.642986746079
-20	0.808004945784
-19	0.32143825674
-18	0.409734568005
-17	0.614216037914
-16	0.483700641487
-15	0.37368850835
-14	0.310414996907
-13	0.352964779864
-12	0.334445703344
-11	0.262022886239
-10	0.258715908289
-9	0.272715448277
-8	0.299832667467
-7	0.209993099825
-6	0.266211724975
-5	0.25397590656
-4	0.204701935105
-3	0.201394957155
-2	0.20040286377
-1	0.173506109777
0	0.20833961085
1	0.497810414074
2	1.95210908389
3	4.29168575091
4	0.968393376359
5	0.938189644416
6	1.59903407142
7	0.639349070334
8	1.00609292499
9	1.96908490403
10	0.671536989047
11	1.04698921897
12	2.2357375594
13	0.501448089819
14	1.1640562384
15	3.36143285358
16	0.968283143761
17	6.73587315376
18	6.12430269821
19	1.64885920587
20	3.21294954362
21	2.21269894635
22	0.826524022304
23	1.00377804042
24	3.08022949523
25	1.47160518775
26	5.90042029099
27	6.62045962331
28	1.68336200915
29	0.992203617599
30	2.90551082687
31	0.798304477131
32	1.17364647446
33	1.24022696385
34	0.385373163774
35	1.9975249144
36	2.20751801422
37	1.72403783793
38	2.61063862633
39	3.31160771913
40	0.864444036131
41	1.0186594412
42	1.7264629551
43	0.333894540352
44	0.755203531182
45	1.30008326474
46	0.301927086835
47	0.431340157279
48	0.783533308954
49	0.241850320744
50	0.385483396372
51	0.49009413219
52	0.243834507514
53	0.394742934632
54	0.425497829567
55	0.206024726285
56	0.487558782429
57	0.675836060382
58	0.184970300003
59	0.365531296074
60	0.320666628552
61	0.154435870265
62	0.375341997325
63	0.424285270985
64	0.23016566532
65	0.550060665684
66	1.00774641396
67	0.22421310501
68	0.772510049121
69	0.907434749481
70	0.264999166394
71	0.421419223429
72	0.60319277808
73	0.189930766928
74	0.392758747862
75	0.530880193574
76	0.179568902685
77	0.389341537314
78	0.513022512644
79	0.161931686952
80	0.487007619437
81	0.43453690263
82	0.138121445712
83	0.275471263235
84	0.310635462104
85	0.1587349416
86	0.228622408944
87	0.32077686115
88	0.227299617764
89	0.717283517356
90	0.844822633627
91	0.229724734927
92	0.717393749954
93	0.599996032729
94	0.191363790707
95	0.263566142615
96	0.338303844285
97	0.143743308227
98	0.22553589619
99	0.292447083379
100	0.123791207928
101	0.316257324619
102	0.396837354
103	0.120594462577
104	0.218040079503
105	0.233913573664
106	0.13624749154
107	0.441591788924
108	0.650262097569
109	0.177805181112
110	0.33003639941
111	0.271723354892
112	0.113980506677
113	0.208560076047
114	0.232039619492
115	0.16071912837
116	0.301706621639
117	0.468598775515
118	0.148373077357
119	0.221016359659
120	0.305895460375
121	0.113870274078
122	0.18386797402
123	0.260920560255
124	0.107587015973
125	0.172073085998
126	0.253755441364
127	0.0963432909434
128	0.177143785522
129	0.215725194938
130	0.10450050322
131	0.258385210494
132	0.299281504475
133	0.10913027235
134	0.188828440945
135	0.246369857275
136	0.12037399738
137	0.366523389459
138	0.406427590055
139	0.148373077357
140	0.509825767292
141	0.522061585707
142	0.263014979624
143	0.52845507641
144	0.464740634574
145	0.21561496234
146	0.323091745715
147	0.503873206982
148	0.134483769967
149	0.310304764309
150	0.496818320689
151	0.235677295237
152	0.578500676054
153	0.363436876705
154	0.195662862042
155	0.514235071225
156	0.401687588327
157	0.20172565495
158	0.633506742622
159	1.61645082196
160	1.13275018047
161	0.727865846796
162	0.693693741312
163	0.198639142197
164	0.540911360022
165	0.572548115744
166	0.115633995652
167	0.22222891824
168	0.231929386894
169	0.103728875032
170	0.216827520922
171	0.266873120565
172	0.102736781647
173	0.188167045355
174	0.265440096787
175	0.126657255485
176	0.23876380799
177	0.252101952389
178	0.110012133137
179	0.199190305188
180	0.26984940072
181	0.118500043208
182	0.199631235582
183	0.244936833497
184	0.0983274777134
185	0.182434950242
186	0.21759914911
187	0.145727494997
188	0.2381024124
189	0.716070958774
190	0.171852620802
191	0.374129438744
192	0.518754607757
193	0.174828900957
194	0.386034559364
195	0.35450803624
196	0.255629395535
197	0.394522469435
198	0.524266237674
199	0.16138052396
200	0.404553635884
201	0.289911733617
202	0.118830741003
203	0.352854547265
204	0.341059659244
205	0.177033552923
206	0.350429430102
207	0.322540582724
208	0.143081912637
209	0.35120105829
210	0.573981139522
211	0.188828440945
212	0.44710341884
213	0.599555102335
214	0.184198671815
215	0.480062965742
216	0.430237831295
217	0.219914033675
218	0.394963399829
219	0.61046812957
220	0.19114332551
221	0.52514809846
222	0.293990339755
223	0.212418216988
224	0.257062419314
225	0.801611455081
226	0.145617262398
227	0.311076392497
228	0.32474523469
229	0.14616842539
230	0.342933613415
231	0.311186625095
232	0.113870274078
233	0.279329404177
234	0.367846180639
235	0.203489376523
236	0.252542882782
237	0.312619648874
238	0.103728875032
239	0.273376843867
240	0.487889480224
241	0.578500676054
242	1.65734711594
243	0.545210431357
244	0.178687041898
245	0.399262471164
246	0.41403363934
247	0.208008913055
248	0.27514056544
249	0.586216957937
250	0.308100112342
251	0.410947126587
252	0.593382076829
253	0.36442897009
254	0.60319277808
255	0.570894626769
256	0.137129352327
257	0.283297777717
258	0.456252724502
259	0.26852660954
260	0.377105718899
261	0.500896926827
262	0.143412610432
263	0.305013599589
264	0.392979213059
265	0.322871280519
266	0.267093585762
267	0.655773727485
268	0.13757028272
269	0.502881113597
270	0.830161698049
271	0.894537535476
272	0.880978925881
273	0.735251430884
274	0.233031712877
275	0.653348610322
276	0.490314597387
277	0.141759121457
278	0.283628475512
279	0.217929846905
280	0.0888474742567
281	0.19643449023
282	0.213410310373
283	0.10516189881
284	0.22818147855
285	0.228732641542
286	0.0976660821234
287	0.297848480697
288	0.255849860732
289	0.0942488715751
290	0.207898680457
291	0.2381024124
292	0.0934772433867
293	0.19775728141
294	0.216717288323
295	0.0920442196084
296	0.198859607393
297	0.237881947204
298	0.0976660821234
299	0.21495356675
300	0.233252178074
301	0.0891781720517
302	0.194781001255
1526
