-34	0.259812203364
-33	0.237774232072
-32	0.255316162398
-31	0.300202866469
-30	0.349511905916
-29	0.299023577035
-28	0.346342565563
-27	0.504441055269
-26	0.336981955683
-25	0.307278603071
-24	0.309784593118
-23	0.27742783928
-22	0.273226620673
-21	0.33926682896
-20	0.475106230606
-19	0.49316410006
-18	0.400810996282
-17	0.462502574783
-16	0.499502780766
-15	0.54372613453
-14	0.616547257062
-13	0.692685131125
-12	0.688926146055
-11	0.682661170939
-10	0.983306270945
-9	0.923604743364
-8	0.820564329093
-7	0.837958848241
-6	0.62988796878
-5	0.702119446595
-4	0.677796602025
-3	0.610061165176
-2	0.676617312591
-1	0.5418097892
0	1.86025537609
1	6.07363540597
2	2.52898619059
3	2.7757525046
4	2.70912265159
5	3.30444269885
6	2.37191957914
7	2.25200058485
8	2.03589579612
9	1.71254937452
10	1.43924904825
11	1.2226283204
12	1.44514549542
13	1.3708502611
14	0.788723514383
15	0.778625848607
16	0.828082299233
17	0.721209194303
18	0.688189090159
19	0.800368997541
20	0.612124921685
21	0.671457921319
22	0.769486355496
23	0.883582608207
24	0.745458333284
25	0.672563505163
26	0.648830305309
27	0.587212432398
28	0.550728165543
29	0.632983603544
30	0.546305830166
31	0.686641272778
32	0.671384215729
33	0.495743795696
34	0.503925116142
35	0.52869019425
36	0.568196390279
37	0.515275776942
38	0.544610601605
39	0.580800046102
40	0.51004268008
41	0.492132221805
42	0.499355369587
43	0.516381360786
44	0.542989078634
45	0.494785623031
46	0.618832130339
47	0.545273951912
48	0.508200040339
49	0.564805933158
50	0.694527770866
51	0.562226237521
52	0.544315779247
53	0.670941982191
54	0.542989078634
55	0.584411619993
56	0.505915167062
57	0.52869019425
58	0.59804715407
59	0.559425425116
60	0.549106642571
61	0.495375267748
62	0.541957200379
63	0.526331615383
64	0.551317810259
65	0.537240042645
66	0.584043092045
67	0.559278013937
68	0.528542783071
69	0.570702380326
70	0.617873957674
71	0.492574455343
72	0.527879432764
73	0.6786810691
74	0.49117404914
75	0.534218113471
76	0.484982779613
77	0.495964912465
78	0.475253641785
79	0.507389278854
80	0.590086950393
81	0.510116385669
82	0.514022781918
83	0.618168780033
84	0.669983809527
85	0.591118828647
86	0.547042886062
87	0.584264208814
88	0.571144613864
89	0.545052835143
90	0.708310716122
91	0.629372029653
92	0.641975685476
93	0.52684755451
94	0.55691943507
95	0.541072733304
96	0.485867246689
97	0.459480645609
98	0.537387453824
99	0.540483088587
100	0.544758012784
1526
