-34	0.168264133533
-33	0.150907374773
-32	0.161128577154
-31	0.186199450919
-30	0.169131971471
-29	0.167492722033
-28	0.179353173852
-27	0.286482945976
-26	0.195938521112
-25	0.209438222369
-24	0.21965942475
-23	0.193817139485
-22	0.180413864665
-21	0.240294682387
-20	0.270958289529
-19	0.248105223829
-18	0.272790391843
-17	0.312035951928
-16	0.289279312665
-15	0.361020582206
-14	0.360634876455
-13	0.524366967424
-12	0.486182098152
-11	0.524174114548
-10	0.56158757232
-9	0.550691384876
-8	0.554837721691
-7	0.515881440919
-6	0.436233203498
-5	0.521859880047
-4	0.483964290088
-3	0.430929749433
-2	0.483192878588
-1	0.378377340965
0	1.55458702626
1	3.99591157228
2	2.22773998683
3	2.64237366832
4	2.23178989721
5	2.21047965451
6	1.71070142866
7	1.75235764969
8	1.36105916609
9	1.24149038352
10	1.1579850886
11	1.08634024549
12	0.900526500325
13	0.893198091071
14	0.656181907561
15	0.660328244376
16	0.593215443838
17	0.614236407225
18	0.595336825464
19	0.701020201024
20	0.578269346017
21	0.595626104777
22	0.633810974048
23	0.694366776833
24	0.595818957652
25	0.556091265379
26	0.498138976409
27	0.584633490895
28	0.539602344557
29	0.649046351182
30	0.498910387909
31	0.54857000325
32	0.587911989772
33	0.595240399026
34	0.487339215402
35	0.478467983147
36	0.560816160819
37	0.526970481238
38	0.581354992018
39	0.537384536493
40	0.53950591812
41	0.486278524589
42	0.481650055587
43	0.519352792671
44	0.555223427441
45	0.487724921153
46	0.56274468957
47	0.517327837482
48	0.513663632855
49	0.528127598488
50	0.553198472252
51	0.532563214616
52	0.531406097365
53	0.528320451363
54	0.575472979328
55	0.556573397567
56	0.502381739661
57	0.509710148915
58	0.592540458775
59	0.554548442378
60	0.551077090626
61	0.565348203384
62	0.580872859831
63	0.584922770208
64	0.648178513244
65	0.641717941928
66	0.735058733481
67	0.795518109828
68	0.682313472138
69	0.63689662005
70	0.593311870275
71	0.553969883753
72	0.569494540199
73	0.620021993478
74	0.607390130158
75	0.703430861963
76	0.664281728316
77	0.643164338491
78	0.626482564794
79	0.664185301878
80	0.853566825236
81	0.703816567713
82	0.663510316815
83	0.644032176429
84	0.652421276496
85	0.783271952258
86	0.741230025485
87	0.738433658795
88	0.663413890378
89	0.591479767962
90	0.650589174183
91	0.618093464727
92	0.622143375104
93	0.610957908348
94	0.683470589389
95	0.571519495388
96	0.510288707541
97	0.644707161492
98	0.8116213249
99	0.6144292601
100	0.624843315356
1526
