-102	0.0292922845478
-101	0.0162234191342
-100	0.0153221180712
-99	0.0142706001643
-98	0.0153221180712
-97	0.013669732789
-96	0.0130688654136
-95	0.017274937041
-94	0.0180260212602
-93	0.0135946243671
-92	0.0131439738356
-91	0.0140452748986
-90	0.0170496117753
-89	0.0167491780876
-88	0.0162985275561
-87	0.0166740696657
-86	0.016373635978
-85	0.0153221180712
-84	0.0137448412109
-83	0.0169745033534
-82	0.015472334915
-81	0.014571033852
-80	0.0144959254301
-79	0.0139701664767
-78	0.0161483107123
-77	0.018176238104
-76	0.0135195159451
-75	0.0202041654958
-74	0.0135195159451
-73	0.0138950580547
-72	0.0161483107123
-71	0.0133692991013
-70	0.0129937569917
-69	0.0175753707287
-68	0.0185517802136
-67	0.0195281896985
-66	0.0166740696657
-65	0.0149465759616
-64	0.0268137066245
-63	0.0243351287013
-62	0.0281656582191
-61	0.0249359960766
-60	0.022757851841
-59	0.0250111044985
-58	0.0222320928876
-57	0.0148714675397
-56	0.0222320928876
-55	0.0244102371232
-54	0.0187019970575
-53	0.0210303581369
-52	0.026438164515
-51	0.0271892487341
-50	0.0203543823396
-49	0.026438164515
-48	0.0223072013095
-47	0.0224574181533
-46	0.0325970551122
-45	0.0224574181533
-44	0.020053948652
-43	0.0198286233862
-42	0.0185517802136
-41	0.0249359960766
-40	0.0288416340163
-39	0.0250111044985
-38	0.0258372971396
-37	0.0253115381862
-36	0.0258372971396
-35	0.024560453967
-34	0.0217063339342
-33	0.020955249715
-32	0.0216312255122
-31	0.021856550778
-30	0.0326721635341
-29	0.0252364297643
-28	0.0186268886355
-27	0.0162234191342
-26	0.0194530812766
-25	0.0220818760437
-24	0.0222320928876
-23	0.0235840444821
-22	0.0197535149643
-21	0.0220067676218
-20	0.024560453967
-19	0.026438164515
-18	0.0223072013095
-17	0.022757851841
-16	0.0193028644328
-15	0.0169745033534
-14	0.0184015633698
-13	0.0250862129204
-12	0.0197535149643
-11	0.0203543823396
-10	0.0235089360602
-9	0.029142067704
-8	0.029142067704
-7	0.0241098034355
-6	0.0203543823396
-5	0.0205797076054
-4	0.0195281896985
-3	0.0199788402301
-2	0.0162234191342
-1	0.0189273223232
0	0.0149465759616
1	0.0281656582191
2	0.086449793627
3	0.284510702223
4	0.0436379931341
5	0.0553549069532
6	0.0927589010681
7	0.0257621887177
8	0.046417004745
9	0.103724730668
10	0.0313202119396
11	0.0498719921532
12	0.116418053972
13	0.0267385982026
14	0.0420607162738
15	0.114615451846
16	0.0203543823396
17	0.0370284520053
18	0.0666962786627
19	0.0189273223232
20	0.033648573019
21	0.0739066871668
22	0.0198286233862
23	0.0290669592821
24	0.0615889059723
25	0.0174251538849
26	0.03094466983
27	0.0802157946079
28	0.0159229854465
29	0.028240766641
30	0.0583592438299
31	0.016373635978
32	0.0247106708109
33	0.0538527385148
34	0.0144959254301
35	0.0269639234684
36	0.0484449321368
37	0.0123928896164
38	0.0249359960766
39	0.0453654868382
40	0.0131439738356
41	0.0201290570739
42	0.0407838731012
43	0.012768431726
44	0.0232085023725
45	0.0316206456273
46	0.0126182148821
47	0.0192277560109
48	0.0341743319725
49	0.0116418053972
50	0.0183264549479
51	0.0324468382684
52	0.0108156127561
53	0.019152647589
54	0.0312451035177
55	0.010890721178
56	0.0164487443999
57	0.0307944529862
58	0.00998942011503
59	0.0180260212602
60	0.033723681441
61	0.00938855273969
62	0.0162234191342
63	0.0359018256766
64	0.0125431064602
65	0.0175753707287
66	0.031845970893
67	0.0110409380219
68	0.0168242865095
69	0.0388310541313
70	0.0115666969753
71	0.0197535149643
72	0.0351507414574
73	0.0105151790684
74	0.0195281896985
75	0.0383052951779
76	0.0114164801315
77	0.0199788402301
78	0.0339490067067
79	0.0112662632876
80	0.0197535149643
81	0.0429620173368
82	0.0114164801315
83	0.0223072013095
84	0.0420607162738
85	0.0117169138191
86	0.0170496117753
87	0.0315455372053
88	0.0109658296
89	0.0176504791506
90	0.0357516088327
91	0.0104400706465
92	0.0175753707287
93	0.0325219466903
94	0.0101396369589
95	0.019077539167
96	0.0313202119396
97	0.0102147453808
98	0.0204294907616
99	0.0306442361423
100	0.0116418053972
101	0.0152470096493
102	0.0292171761259
103	0.0110409380219
104	0.0156225517588
105	0.0243351287013
106	0.00983920327119
107	0.0138199496328
108	0.0251613213424
109	0.00976409484927
110	0.0158478770246
111	0.031845970893
112	0.00916322747393
113	0.0159980938684
114	0.0289918508602
115	0.00923833589585
116	0.0152470096493
117	0.0353009583012
118	0.00841214325476
119	0.0144959254301
120	0.027264357156
121	0.00953876958352
122	0.0129186485698
123	0.027339465578
124	0.0090130106301
125	0.0165238528218
126	0.0265132729369
127	0.00953876958352
128	0.0164487443999
129	0.0307193445643
130	0.00766105903558
131	0.0123177811945
132	0.0292171761259
133	0.00803660114517
134	0.0147963591177
135	0.0276398992656
136	0.00796149272325
137	0.0153221180712
138	0.0459663542135
139	0.0122426727726
140	0.0138199496328
141	0.0286914171725
142	0.00938855273969
143	0.015472334915
144	0.0258372971396
145	0.00841214325476
146	0.0120173475068
147	0.0306442361423
148	0.00818681798901
149	0.0135946243671
150	0.028240766641
151	0.00923833589585
152	0.0133692991013
153	0.0266634897807
154	0.0077361674575
155	0.0125431064602
156	0.026438164515
157	0.00818681798901
158	0.0126182148821
159	0.026363056093
160	0.0100645285369
161	0.0139701664767
162	0.0248608876547
163	0.00916322747393
164	0.0153221180712
165	0.0256119718739
166	0.00923833589585
167	0.0160732022903
168	0.0332730309094
169	0.0090130106301
170	0.0146461422739
171	0.0281656582191
172	0.0105151790684
173	0.0150216843835
174	0.0281656582191
175	0.00848725167668
176	0.0150967928054
177	0.0310948866738
178	0.00931344431777
179	0.0138199496328
180	0.0328974887999
181	0.00961387800544
182	0.0146461422739
183	0.0269639234684
184	0.00908811905202
185	0.0128435401479
186	0.0314704287834
187	0.00833703483284
188	0.0159229854465
189	0.027264357156
190	0.00841214325476
191	0.0159229854465
192	0.0311699950958
193	0.00908811905202
194	0.0156225517588
195	0.0367280183177
196	0.00916322747393
197	0.016373635978
198	0.0343996572382
199	0.0106653959123
200	0.017274937041
201	0.0331228140656
202	0.00878768536435
203	0.0153221180712
204	0.0326721635341
205	0.00871257694243
206	0.0150216843835
207	0.0312451035177
208	0.00886279378626
209	0.0171247201972
210	0.030043368767
211	0.00856236009859
212	0.0177255875725
213	0.0333481393314
214	0.00931344431777
215	0.0158478770246
216	0.0301935856108
217	0.00871257694243
218	0.012768431726
219	0.027339465578
220	0.00751084219175
221	0.0184015633698
222	0.0322966214245
223	0.00833703483284
224	0.0198286233862
225	0.0337987898629
226	0.00953876958352
227	0.0176504791506
228	0.0379297530683
229	0.0100645285369
230	0.0162985275561
231	0.0290669592821
232	0.0090130106301
233	0.0166740696657
234	0.0324468382684
235	0.00788638430134
236	0.0159229854465
237	0.0306442361423
238	0.00826192641092
239	0.0134444075232
240	0.0281656582191
241	0.00856236009859
242	0.0161483107123
243	0.0265132729369
244	0.00758595061367
245	0.0135946243671
246	0.0330477056437
247	0.0102147453808
248	0.0167491780876
249	0.0311699950958
250	0.00796149272325
251	0.0160732022903
252	0.0310948866738
253	0.00871257694243
254	0.0165238528218
255	0.0331979224875
256	0.00931344431777
257	0.0175002623068
258	0.0366529098957
259	0.0102898538027
260	0.0166740696657
261	0.0359769340985
262	0.00908811905202
263	0.0153221180712
264	0.0322966214245
265	0.00983920327119
266	0.0162985275561
267	0.0350756330355
268	0.00976409484927
269	0.0168993949314
270	0.0310948866738
271	0.00796149272325
272	0.0165238528218
273	0.0313202119396
274	0.00833703483284
275	0.015472334915
276	0.0324468382684
277	0.00848725167668
278	0.0157727686027
279	0.0335734645971
280	0.0077361674575
281	0.0138199496328
282	0.0343996572382
283	0.00886279378626
284	0.015472334915
285	0.0332730309094
286	0.0105151790684
287	0.0129186485698
288	0.0353760667231
289	0.00856236009859
290	0.0141203833205
291	0.0339490067067
292	0.0094636611616
293	0.0165238528218
294	0.0310948866738
295	0.00983920327119
296	0.0169745033534
297	0.0350756330355
298	0.00931344431777
299	0.0169745033534
300	0.0375542109587
301	0.00991431169311
302	0.0168242865095
1550
