-102	0.0218890636638
-101	0.0197843460038
-100	0.0237131523024
-99	0.0259581844731
-98	0.0234325232811
-97	0.0227309507278
-96	0.0213278056211
-95	0.0185215154078
-94	0.0159958542158
-93	0.0206262330678
-92	0.0246953538771
-91	0.0207665475784
-90	0.0262388134944
-89	0.0218890636638
-88	0.0230115797491
-87	0.0202052895358
-86	0.0307288778357
-85	0.0166974267692
-84	0.0232922087704
-83	0.0290451037077
-82	0.0248356683877
-81	0.0241340958344
-80	0.0255372409411
-79	0.0196440314931
-78	0.0234325232811
-77	0.0263791280051
-76	0.0234325232811
-75	0.0211874911104
-74	0.0235728377918
-73	0.0244147248557
-72	0.0241340958344
-71	0.0269403860477
-70	0.0234325232811
-69	0.0263791280051
-68	0.0265194425157
-67	0.0252566119197
-66	0.0248356683877
-65	0.0251162974091
-64	0.0268000715371
-63	0.0220293781744
-62	0.036481772773
-61	0.0296063617504
-60	0.0273613295797
-59	0.0218890636638
-58	0.0195037169825
-57	0.0190827734505
-56	0.0241340958344
-55	0.0223100071958
-54	0.0232922087704
-53	0.0227309507278
-52	0.0216084346424
-51	0.0244147248557
-50	0.0390074339649
-49	0.0390074339649
-48	0.030588563325
-47	0.027221015069
-46	0.0283435311544
-45	0.0319917084317
-44	0.030167619793
-43	0.0294660472397
-42	0.030167619793
-41	0.0256775554517
-40	0.0345173696236
-39	0.0441990708595
-38	0.0279225876224
-37	0.0354995711983
-36	0.033114224517
-35	0.030167619793
-34	0.029746676261
-33	0.028483845665
-32	0.0415330951569
-31	0.0287644746864
-30	0.0251162974091
-29	0.031009506857
-28	0.0245550393664
-27	0.0244147248557
-26	0.0333948535383
-25	0.029325732729
-24	0.0231518942598
-23	0.0231518942598
-22	0.0336754825596
-21	0.0252566119197
-20	0.031009506857
-19	0.0294660472397
-18	0.0238534668131
-17	0.0260984989837
-16	0.0224503217064
-15	0.0225906362171
-14	0.0210471765998
-13	0.0265194425157
-12	0.027641958601
-11	0.035218942177
-10	0.0244147248557
-9	0.0258178699624
-8	0.0263791280051
-7	0.0227309507278
-6	0.0282032166437
-5	0.0312901358783
-4	0.0213278056211
-3	0.0228712652384
-2	0.0210471765998
-1	0.0200649750251
0	0.0253969264304
1	0.0644043603953
2	0.210471765998
3	0.382216727052
4	0.0746473196739
5	0.106218084574
6	0.14550614756
7	0.0444796998809
8	0.0788567549938
9	0.147189921688
10	0.0446200143915
11	0.098500786487
12	0.155608792328
13	0.0374639743476
14	0.0763310938019
15	0.129229664323
16	0.033956111581
17	0.0872756256338
18	0.093028520571
19	0.0256775554517
20	0.0690347392473
21	0.0864337385698
22	0.0279225876224
23	0.0593530380114
24	0.0912044319324
25	0.0263791280051
26	0.0558451752447
27	0.0763310938019
28	0.0244147248557
29	0.0541614011168
30	0.0789970695045
31	0.0241340958344
32	0.0486891352008
33	0.0663687635446
34	0.0244147248557
35	0.0436378128169
36	0.0648253039273
37	0.0195037169825
38	0.0440587563489
39	0.059914296054
40	0.0192230879611
41	0.0387268049436
42	0.0463037885195
43	0.0185215154078
44	0.0374639743476
45	0.0446200143915
46	0.0175393138331
47	0.0296063617504
48	0.0399896355396
49	0.0161361687265
50	0.0287644746864
51	0.0440587563489
52	0.0166974267692
53	0.032693280985
54	0.0378849178796
55	0.0131895640025
56	0.0336754825596
57	0.0345173696236
58	0.0106639028106
59	0.028062902133
60	0.0359205147303
61	0.0119267334065
62	0.0308691923463
63	0.0380252323903
64	0.0148733381305
65	0.0283435311544
66	0.0383058614116
67	0.0123476769385
68	0.0252566119197
69	0.0340964260916
70	0.0154345961732
71	0.0290451037077
72	0.0362011437516
73	0.0119267334065
74	0.0260984989837
75	0.0369027163049
76	0.0152942816625
77	0.0262388134944
78	0.031430450389
79	0.0116461043852
80	0.0265194425157
81	0.0319917084317
82	0.0117864188959
83	0.0259581844731
84	0.0308691923463
85	0.0140314510665
86	0.0262388134944
87	0.033535168049
88	0.0106639028106
89	0.0248356683877
90	0.0324126519637
91	0.0124879914492
92	0.0245550393664
93	0.0325529664743
94	0.0110848463426
95	0.0232922087704
96	0.0325529664743
97	0.0130492494919
98	0.0221696926851
99	0.028483845665
100	0.0108042173212
101	0.0238534668131
102	0.0259581844731
103	0.0117864188959
104	0.0246953538771
105	0.0296063617504
106	0.0106639028106
107	0.0242744103451
108	0.027221015069
109	0.0127686204705
110	0.0209068620891
111	0.0324126519637
112	0.0096817012359
113	0.0217487491531
114	0.0259581844731
115	0.0119267334065
116	0.0253969264304
117	0.0296063617504
118	0.0129089349812
119	0.0244147248557
120	0.0277822731117
121	0.0110848463426
122	0.0224503217064
123	0.030167619793
124	0.0117864188959
125	0.0218890636638
126	0.0260984989837
127	0.0131895640025
128	0.0221696926851
129	0.0252566119197
130	0.0117864188959
131	0.0217487491531
132	0.0277822731117
133	0.0116461043852
134	0.0363414582623
135	0.0317110794103
136	0.0117864188959
137	0.0206262330678
138	0.0256775554517
139	0.00827855612925
140	0.0263791280051
141	0.0312901358783
142	0.0124879914492
143	0.0213278056211
144	0.0273613295797
145	0.00982201574656
146	0.0245550393664
147	0.0300273052824
148	0.00799792710792
149	0.0230115797491
150	0.0256775554517
151	0.00912044319324
152	0.0230115797491
153	0.0282032166437
154	0.0140314510665
155	0.0249759828984
156	0.030588563325
157	0.0109445318319
158	0.0279225876224
159	0.029746676261
160	0.00827855612925
161	0.0237131523024
162	0.0270807005584
163	0.0105235882999
164	0.0224503217064
165	0.0245550393664
166	0.0108042173212
167	0.0190827734505
168	0.027221015069
169	0.0112251608532
170	0.0199246605145
171	0.0262388134944
172	0.00996233025723
173	0.0262388134944
174	0.030167619793
175	0.0148733381305
176	0.0206262330678
177	0.0260984989837
178	0.0105235882999
179	0.0224503217064
180	0.0270807005584
181	0.0102429592786
182	0.0199246605145
183	0.0210471765998
184	0.0108042173212
185	0.0193634024718
186	0.027641958601
187	0.0096817012359
188	0.0231518942598
189	0.0268000715371
190	0.0105235882999
191	0.0200649750251
192	0.0251162974091
193	0.0101026447679
194	0.0182408863865
195	0.0241340958344
196	0.0138911365559
197	0.0224503217064
198	0.0252566119197
199	0.0106639028106
200	0.0214681201318
201	0.0255372409411
202	0.00883981417191
203	0.0237131523024
204	0.0234325232811
205	0.0113654753639
206	0.0241340958344
207	0.0277822731117
208	0.00869949966124
209	0.0211874911104
210	0.0258178699624
211	0.0105235882999
212	0.0176796283438
213	0.0227309507278
214	0.0102429592786
215	0.0185215154078
216	0.0237131523024
217	0.0112251608532
218	0.0190827734505
219	0.0217487491531
220	0.0092607577039
221	0.0190827734505
222	0.0249759828984
223	0.00757698357592
224	0.0206262330678
225	0.0231518942598
226	0.00954138672523
227	0.0203456040465
228	0.0193634024718
229	0.0117864188959
230	0.0199246605145
231	0.0217487491531
232	0.00982201574656
233	0.0195037169825
234	0.0224503217064
235	0.00898012868257
236	0.0216084346424
237	0.0217487491531
238	0.00912044319324
239	0.0206262330678
240	0.0235728377918
241	0.00898012868257
242	0.0211874911104
243	0.0256775554517
244	0.00940107221457
245	0.0183812008971
246	0.0223100071958
247	0.00799792710792
248	0.0196440314931
249	0.0214681201318
250	0.0092607577039
251	0.0190827734505
252	0.0246953538771
253	0.00898012868257
254	0.0235728377918
255	0.0239937813237
256	0.00869949966124
257	0.0172586848118
258	0.0245550393664
259	0.0123476769385
260	0.0228712652384
261	0.0259581844731
262	0.0092607577039
263	0.0217487491531
264	0.0265194425157
265	0.00771729808659
266	0.0200649750251
267	0.0210471765998
268	0.00883981417191
269	0.0179602573651
270	0.0248356683877
271	0.00912044319324
272	0.0225906362171
273	0.0277822731117
274	0.0105235882999
275	0.0253969264304
276	0.0202052895358
277	0.0102429592786
278	0.0227309507278
279	0.0266597570264
280	0.00841887063991
281	0.0213278056211
282	0.0262388134944
283	0.00631415297993
284	0.0239937813237
285	0.027221015069
286	0.00659478200126
287	0.0202052895358
288	0.0223100071958
289	0.0103832737892
290	0.0207665475784
291	0.0290451037077
292	0.00617383846927
293	0.0217487491531
294	0.0241340958344
295	0.0092607577039
296	0.0263791280051
297	0.0248356683877
298	0.00841887063991
299	0.0218890636638
300	0.0231518942598
301	0.0064544674906
302	0.0202052895358
1558
