-34	0.0595986198147
-33	0.0597065883289
-32	0.0546320681635
-31	0.0576551865599
-30	0.0483698943424
-29	0.0638093918669
-28	0.0607862734705
-27	0.0662926676925
-26	0.0667245417491
-25	0.0642412659235
-24	0.0662926676925
-23	0.0800046689904
-22	0.0695317231172
-21	0.0918812055477
-20	0.0619739271262
-19	0.0654289195792
-18	0.0679121954048
-17	0.0913413629769
-16	0.0846473150992
-15	0.0877784020097
-14	0.0808684171037
-13	0.0994390015387
-12	0.0911254259486
-11	0.0901537093212
-10	0.0833516929293
-9	0.0864827798399
-8	0.0742823377401
-7	0.0798967004763
-6	0.0736345266552
-5	0.0722309359711
-4	0.0873465279531
-3	0.0756859284241
-2	0.0658607936358
-1	0.0641332974093
0	0.239798069943
1	0.442670908044
2	0.243145093882
3	0.262039583859
4	0.237530731146
5	0.227597627843
6	0.165839637745
7	0.152883416046
8	0.167459165458
9	0.141006879489
10	0.133772989041
11	0.118765365573
12	0.120924735856
13	0.11531037312
14	0.0902616778354
15	0.0859429372691
16	0.0801126375046
17	0.0827038818444
18	0.0695317231172
19	0.0766576450516
20	0.0791409208772
21	0.0707193767729
22	0.0766576450516
23	0.0696396916313
24	0.0717990619145
25	0.0671564158057
26	0.0654289195792
27	0.0615420530696
28	0.0675882898624
29	0.0723389044853
30	0.0678042268907
31	0.0658607936358
32	0.0606783049563
33	0.0592747142723
34	0.0578711235882
35	0.0581950291307
36	0.0566834699325
37	0.0620818956403
38	0.054308162621
39	0.0593826827864
40	0.0588428402156
41	0.0595986198147
42	0.0601384623855
43	0.05635956439
44	0.0676962583765
45	0.0617579900979
46	0.0546320681635
47	0.0583029976448
48	0.0580870606165
49	0.0588428402156
50	0.058410966159
51	0.0632695492961
52	0.0591667457581
53	0.0547400366777
54	0.057007375475
55	0.0551719107343
56	0.0562515958759
57	0.0561436273617
58	0.0518248867954
59	0.0500973905689
60	0.0507452016538
61	0.054955973706
62	0.0567914384466
63	0.057007375475
64	0.0516089497671
65	0.0557117533051
66	0.0542001941069
67	0.0500973905689
68	0.0532284774795
69	0.0575472180457
70	0.0517169182813
71	0.0493416109698
72	0.0466423981159
73	0.0509611386822
74	0.049449579484
75	0.0490177054273
76	0.04675036663
77	0.0477220832574
78	0.0548480051918
79	0.0526886349087
80	0.0527966034228
81	0.0558197218192
82	0.0507452016538
83	0.0444830278327
84	0.0536603515361
85	0.0524726978804
86	0.0550639422201
87	0.0547400366777
88	0.0565755014183
89	0.048801768399
90	0.0537683200502
91	0.058410966159
92	0.0560356588475
93	0.0583029976448
94	0.0566834699325
95	0.0547400366777
96	0.0524726978804
97	0.0591667457581
98	0.0603543994138
99	0.054308162621
100	0.0532284774795
1558
