-102	0.0184169544437
-101	0.0185114003639
-100	0.0182280626032
-99	0.0187002922043
-98	0.0199280891672
-97	0.0176613870819
-96	0.0161502523583
-95	0.018133616683
-94	0.0183225085234
-93	0.0309782618334
-92	0.0269170872638
-91	0.022761466774
-90	0.0205892106088
-89	0.0158669145976
-88	0.0195503054863
-87	0.0188891840448
-86	0.0230448045346
-85	0.0199280891672
-84	0.020683656529
-83	0.0203058728481
-82	0.0210614402099
-81	0.0218170075717
-80	0.0221947912526
-79	0.0202114269279
-78	0.0217225616515
-77	0.0200225350875
-76	0.0259726280616
-75	0.0283337760672
-74	0.0271059791042
-73	0.0242726014975
-72	0.0272004250245
-71	0.0219114534919
-70	0.022761466774
-69	0.0262559658222
-68	0.0249337229391
-67	0.0280504383065
-66	0.0212503320504
-65	0.0233281422953
-64	0.023611480056
-63	0.0234225882155
-62	0.0260670739818
-61	0.02531150662
-60	0.0249337229391
-59	0.0247448310987
-58	0.0194558595661
-57	0.020683656529
-56	0.0272948709447
-55	0.0249337229391
-54	0.0247448310987
-53	0.034189423121
-52	0.0232336963751
-51	0.0298449107907
-50	0.0421228804198
-49	0.0297504648705
-48	0.0296560189503
-47	0.0308838159132
-46	0.0284282219874
-45	0.0353227741637
-44	0.0315449373548
-43	0.0312615995941
-42	0.0275782087054
-41	0.0306004781525
-40	0.0280504383065
-39	0.0351338823233
-38	0.0290893434289
-37	0.0314504914345
-36	0.0338116394401
-35	0.0322060587963
-34	0.031639383275
-33	0.0294671271098
-32	0.0352283282435
-31	0.0306949240728
-30	0.0321116128761
-29	0.0308838159132
-28	0.0251226147795
-27	0.0323949506368
-26	0.0372116925682
-25	0.033339409839
-24	0.0289948975087
-23	0.0301282485514
-22	0.0283337760672
-21	0.0287115597481
-20	0.0351338823233
-19	0.029939356711
-18	0.0383450436109
-17	0.0358894496851
-16	0.0343783149615
-15	0.0325838424772
-14	0.0313560455143
-13	0.0310727077537
-12	0.0408006375367
-11	0.0485452029951
-10	0.037117246648
-9	0.034189423121
-8	0.0314504914345
-7	0.0372116925682
-6	0.0351338823233
-5	0.0343783149615
-4	0.0255003984604
-3	0.0275782087054
-2	0.0282393301469
-1	0.0262559658222
0	0.0280504383065
1	0.0625231991882
2	0.273326493128
3	0.496029973016
4	0.0905736374947
5	0.127218654542
6	0.191914109895
7	0.06327876655
8	0.1013404724
9	0.203530958082
10	0.0618620777466
11	0.132224288313
12	0.190591867012
13	0.0508119050804
14	0.0926514477396
15	0.193708582379
16	0.0369283548075
17	0.104834971448
18	0.108329470497
19	0.0374950303289
20	0.0786734515465
21	0.115979590035
22	0.0363616792862
23	0.0760289657802
24	0.125613073898
25	0.0359838956053
26	0.0722511289713
27	0.109462821539
28	0.0344727608817
29	0.0693233054443
30	0.1013404724
31	0.0337171935199
32	0.06327876655
33	0.086890246606
34	0.0240837096571
35	0.0544008500489
36	0.0930292314205
37	0.027011533184
38	0.0614842940657
39	0.0770678709027
40	0.0228559126942
41	0.0461840549895
42	0.0717788993701
43	0.0212503320504
44	0.0493007703569
45	0.0720622371308
46	0.0230448045346
47	0.0475062978726
48	0.0691344136039
49	0.0211558861301
50	0.0456173794681
51	0.0600676052624
52	0.0216281157313
53	0.03796725993
54	0.059500929741
55	0.0170947115605
56	0.045145149867
57	0.0529841612456
58	0.0218170075717
59	0.0444840284254
60	0.0621454155073
61	0.0188891840448
62	0.0446729202659
63	0.0646954553533
64	0.0213447779706
65	0.0407061916165
66	0.0579897950175
67	0.0229503586144
68	0.0479785274737
69	0.0573286735759
70	0.0225725749335
71	0.0504341213995
72	0.0686621840027
73	0.0223836830931
74	0.0421228804198
75	0.0637509961511
76	0.0255948443807
77	0.0455229335479
78	0.054023066368
79	0.0203058728481
80	0.0419339885794
81	0.0620509695871
82	0.0208725483695
83	0.0401395160951
84	0.0585564705388
85	0.0229503586144
86	0.0386283813716
87	0.0611065103848
88	0.0226670208537
89	0.039667286494
90	0.061578739986
91	0.0211558861301
92	0.040517299776
93	0.0585564705388
94	0.0213447779706
95	0.0357950037648
96	0.0614842940657
97	0.0197391973268
98	0.0385339354513
99	0.0528897153254
100	0.0177558330021
101	0.0386283813716
102	0.0588398082995
103	0.0216281157313
104	0.0389117191322
105	0.056950889895
106	0.0191725218054
107	0.0375894762491
108	0.0625231991882
109	0.0194558595661
110	0.0445784743457
111	0.057800903177
112	0.0209669942897
113	0.0400450701749
114	0.0607287267039
115	0.0188891840448
116	0.0365505711266
117	0.0558175388523
118	0.0178502789223
119	0.0377783680895
120	0.056100876613
121	0.0195503054863
122	0.0404228538558
123	0.0643176716725
124	0.0205892106088
125	0.0394783946536
126	0.0647899012736
127	0.017283603401
128	0.0424062181805
129	0.0595953756613
130	0.0216281157313
131	0.0455229335479
132	0.0789567893071
133	0.0214392238908
134	0.0476007437928
135	0.0727233585724
136	0.0214392238908
137	0.0415562048985
138	0.065828806396
139	0.0208725483695
140	0.0493952162771
141	0.0648843471938
142	0.0186058462841
143	0.0398561783345
144	0.0583675786983
145	0.0187947381245
146	0.0426895559412
147	0.0626176451084
148	0.0196447514066
149	0.0553453092512
150	0.0568564439748
151	0.0207781024492
152	0.0477896356333
153	0.0673399411196
154	0.0221947912526
155	0.0467507305108
156	0.0820735046745
157	0.0230448045346
158	0.0473174060322
159	0.0648843471938
160	0.0204947646886
161	0.0414617589783
162	0.0635621043107
163	0.0195503054863
164	0.0442006906648
165	0.0614842940657
166	0.0212503320504
167	0.0397617324142
168	0.0731011422533
169	0.0186058462841
170	0.0459007172288
171	0.0674343870398
172	0.0194558595661
173	0.0480729733939
174	0.07593451986
175	0.0218170075717
176	0.0439173529041
177	0.0665843737578
178	0.018133616683
179	0.0407061916165
180	0.0628065369489
181	0.0163391441987
182	0.0445784743457
183	0.0612009563051
184	0.0183225085234
185	0.046845176431
186	0.066678819678
187	0.0212503320504
188	0.0470340682715
189	0.0581786868579
190	0.0187002922043
191	0.0453340417075
192	0.0712122238488
193	0.0207781024492
194	0.0428784477816
195	0.0663954819174
196	0.0182280626032
197	0.0529841612456
198	0.0681899544016
199	0.0205892106088
200	0.0461840549895
201	0.0710233320083
202	0.0194558595661
203	0.0459007172288
204	0.0763123035409
205	0.0201169810077
206	0.0466562845906
207	0.0740456014555
208	0.0250281688593
209	0.0469396223513
210	0.0662065900769
211	0.0182280626032
212	0.042595110021
213	0.0593120379006
214	0.0167169278796
215	0.049772999958
216	0.0608231726242
217	0.0171891574807
218	0.0403284079356
219	0.0640343339118
220	0.0179447248425
221	0.0436340151434
222	0.0631843206298
223	0.0185114003639
224	0.0453340417075
225	0.0614842940657
226	0.0161502523583
227	0.044295136585
228	0.0573286735759
229	0.022761466774
230	0.0417450967389
231	0.0581786868579
232	0.0156780227572
233	0.0398561783345
234	0.0596898215815
235	0.0183225085234
236	0.0424062181805
237	0.0711177779286
238	0.021533669811
239	0.0404228538558
240	0.0607287267039
241	0.0211558861301
242	0.0449562580266
243	0.0690399676836
244	0.0202114269279
245	0.0463729468299
246	0.0676232788803
247	0.020683656529
248	0.0461840549895
249	0.0670566033589
250	0.0231392504548
251	0.0431617855423
252	0.0710233320083
253	0.0196447514066
254	0.0472229601119
255	0.0843402067599
256	0.0211558861301
257	0.0427840018614
258	0.0699844268859
259	0.0202114269279
260	0.05062301324
261	0.0755567361791
262	0.0242726014975
263	0.0449562580266
264	0.0756511820993
265	0.0201169810077
266	0.0473174060322
267	0.0625231991882
268	0.0182280626032
269	0.0449562580266
270	0.0625231991882
271	0.0177558330021
272	0.0442006906648
273	0.0594064838208
274	0.0248392770189
275	0.0576120113366
276	0.0674343870398
277	0.0237059259762
278	0.0513785806018
279	0.0768789790622
280	0.0208725483695
281	0.0570453358152
282	0.0771623168229
283	0.018133616683
284	0.0440117988243
285	0.0607287267039
286	0.0202114269279
287	0.0448618121063
288	0.0745178310566
289	0.0196447514066
290	0.0433506773828
291	0.0671510492792
292	0.0191725218054
293	0.0424062181805
294	0.0719677912106
295	0.0200225350875
296	0.0454284876277
297	0.0674343870398
298	0.0180391707628
299	0.043445123303
300	0.0660176982365
301	0.0155835768369
302	0.0459007172288
1558
