-102	0.0196852132876
-101	0.0188120788273
-100	0.0200027167277
-99	0.0212727304882
-98	0.0238127580092
-97	0.0223046166686
-96	0.0197645891476
-95	0.0185739512472
-94	0.020875851188
-93	0.0242890131694
-92	0.031115337132
-91	0.0185739512472
-90	0.0146051582456
-89	0.018097696087
-88	0.0202408443078
-87	0.0217489856484
-86	0.0272259199905
-85	0.0200820925877
-84	0.0236540062891
-83	0.0241302614493
-82	0.0219871132285
-81	0.0231777511289
-80	0.0220664890885
-79	0.0239715097292
-78	0.0243683890294
-77	0.0229396235488
-76	0.0301628268116
-75	0.02603528209
-74	0.0249240200496
-73	0.0245271407495
-72	0.0222252408086
-71	0.0248446441896
-70	0.0271465441305
-69	0.0333378612129
-68	0.0249240200496
-67	0.0253208993498
-66	0.0254796510698
-65	0.0269877924104
-64	0.0250827717697
-63	0.0245271407495
-62	0.0290515647712
-61	0.0306390819718
-60	0.02595590623
-59	0.0261146579501
-58	0.0230189994089
-57	0.0227014959688
-56	0.0273052958505
-55	0.0231777511289
-54	0.0307184578318
-53	0.0327028543326
-52	0.0270671682704
-51	0.0343697473932
-50	0.044132978177
-49	0.0349253784135
-48	0.0369891507743
-47	0.0328616060527
-46	0.0316709681522
-45	0.0387354196949
-44	0.0329409819127
-43	0.0312740888521
-42	0.0347666266934
-41	0.0298453233715
-40	0.033734740513
-39	0.0484986504787
-38	0.0293690682113
-37	0.0377035335145
-36	0.0404023127556
-35	0.0323853508925
-34	0.0299246992315
-33	0.0319090957323
-32	0.0399260575954
-31	0.0351635059936
-30	0.0327028543326
-29	0.036195392174
-28	0.0264321613902
-27	0.0302422026717
-26	0.0392910507151
-25	0.0293690682113
-24	0.0343697473932
-23	0.0271465441305
-22	0.0283371820309
-21	0.0297659475115
-20	0.0325441026125
-19	0.0315122164321
-18	0.0315122164321
-17	0.0307184578318
-16	0.0307184578318
-15	0.0296865716514
-14	0.0282578061709
-13	0.0309565854119
-12	0.0331791094928
-11	0.0315122164321
-10	0.033814116373
-9	0.0341316198132
-8	0.0334966129329
-7	0.0315915922922
-6	0.0261940338101
-5	0.0281784303109
-4	0.0269877924104
-3	0.0290515647712
-2	0.0289721889112
-1	0.028495933751
0	0.0295278199314
1	0.0869959425935
2	0.33766490857
3	0.59666833985
4	0.137796493013
5	0.164943037144
6	0.20645661194
7	0.0658819638254
8	0.125493234708
9	0.20756787398
10	0.0688188706465
11	0.138352124033
12	0.197566515616
13	0.0588968881427
14	0.0942985217163
15	0.185739512472
16	0.0427042126965
17	0.0951716561767
18	0.107474914481
19	0.0377829093746
20	0.0937428906961
21	0.114618741884
22	0.0355603852937
23	0.0839796599124
24	0.13081141733
25	0.0383385403948
26	0.0739783015485
27	0.1040617525
28	0.0375447817945
29	0.0715176498876
30	0.098505442298
31	0.0333378612129
32	0.0681838637663
33	0.0873134460337
34	0.0257971545099
35	0.0634213121644
36	0.0813602565314
37	0.028495933751
38	0.0603256536233
39	0.0798521151908
40	0.0243683890294
41	0.0499274159592
42	0.0641356949047
43	0.0242096373093
44	0.0486574021988
45	0.0655644603853
46	0.0193677098475
47	0.0454823677975
48	0.0655644603853
49	0.0198439650076
50	0.038894171415
51	0.0557218537415
52	0.0198439650076
53	0.0396879300153
54	0.0558806054615
55	0.0180183202269
56	0.0434979712968
57	0.0521499400401
58	0.0216696097884
59	0.0392116748551
60	0.0575474985222
61	0.0223046166686
62	0.0481811470386
63	0.0592937674429
64	0.0223839925286
65	0.0373860300744
66	0.0631038087243
67	0.0199233408677
68	0.0443711057571
69	0.0578650019623
70	0.0215108580683
71	0.041513574796
72	0.0566743640618
73	0.0223839925286
74	0.0392116748551
75	0.0577062502422
76	0.0213521063482
77	0.0434185954367
78	0.0582618812625
79	0.0201614684478
80	0.0406404403357
81	0.054372464121
82	0.0215108580683
83	0.0399260575954
84	0.0502449193994
85	0.018097696087
86	0.0350047542735
87	0.0481017711785
88	0.0179389443669
89	0.038814795555
90	0.0511974297197
91	0.0191295822674
92	0.0398466817354
93	0.0538168331007
94	0.0177801926469
95	0.0342109956732
96	0.0473873884383
97	0.0201614684478
98	0.0324647267525
99	0.0435773471568
100	0.0167483064665
101	0.0381004128147
102	0.0449267367773
103	0.0200027167277
104	0.0371479024943
105	0.0562774847617
106	0.0179389443669
107	0.0369097749142
108	0.0485780263387
109	0.0183358236671
110	0.0370685266343
111	0.0506417986995
112	0.0194470857075
113	0.0398466817354
114	0.0496099125191
115	0.0168276823265
116	0.0323059750325
117	0.0488161539188
118	0.0202408443078
119	0.0400054334554
120	0.049292409079
121	0.015557668566
122	0.0354810094337
123	0.0524674434802
124	0.0183358236671
125	0.0370685266343
126	0.0515943090199
127	0.0204789718879
128	0.0404816886156
129	0.0481811470386
130	0.0234952545691
131	0.0490542814989
132	0.0719939050478
133	0.0204789718879
134	0.0477842677384
135	0.057071243362
136	0.020875851188
137	0.0404816886156
138	0.0520705641801
139	0.0219077373684
140	0.0429423402766
141	0.054451839981
142	0.0197645891476
143	0.0369891507743
144	0.0503242952594
145	0.0170658099066
146	0.0348460025534
147	0.0473080125782
148	0.0157164202861
149	0.0425454609764
150	0.0447679850573
151	0.0187327029672
152	0.0392910507151
153	0.0523880676202
154	0.0192883339874
155	0.044212354037
156	0.0609606605035
157	0.0186533271072
158	0.0410373196358
159	0.0470698849981
160	0.0192089581274
161	0.0413548230759
162	0.0517530607399
163	0.0200027167277
164	0.0402435610355
165	0.0500861676793
166	0.0188120788273
167	0.0365128956141
168	0.0561981089017
169	0.0176214409268
170	0.0375447817945
171	0.0559599813216
172	0.0224633683887
173	0.0450061126373
174	0.0589762640027
175	0.0176214409268
176	0.0394498024352
177	0.0520705641801
178	0.0191295822674
179	0.0366716473341
180	0.0504036711194
181	0.0175420650668
182	0.0367510231942
183	0.0507211745596
184	0.0170658099066
185	0.0422279575363
186	0.0614369156637
187	0.0191295822674
188	0.0406404403357
189	0.0521499400401
190	0.0196058374276
191	0.0394498024352
192	0.0527849469203
193	0.0212727304882
194	0.0413548230759
195	0.0552455985813
196	0.020875851188
197	0.0504830469795
198	0.0611987880836
199	0.0163514271663
200	0.046593629838
201	0.0507211745596
202	0.0172245616266
203	0.0446092333372
204	0.0561187330416
205	0.0192883339874
206	0.0406404403357
207	0.0551662227213
208	0.018256447807
209	0.0458792470977
210	0.0561187330416
211	0.0188914546873
212	0.0421485816762
213	0.0583412571225
214	0.0197645891476
215	0.0393704265752
216	0.0605637812033
217	0.0150814134058
218	0.0396085541553
219	0.0559599813216
220	0.0189708305473
221	0.0409579437758
222	0.0568331157819
223	0.0165895547464
224	0.0457998712377
225	0.0504036711194
226	0.0164308030263
227	0.0435773471568
228	0.0533405779406
229	0.0186533271072
230	0.0407198161957
231	0.0546105917011
232	0.0196852132876
233	0.0432598437167
234	0.0546899675611
235	0.0180183202269
236	0.044053602317
237	0.0599287743231
238	0.0227808718288
239	0.0384972921148
240	0.0517530607399
241	0.0186533271072
242	0.0376241576545
243	0.0540549606808
244	0.0170658099066
245	0.041592950656
246	0.0533405779406
247	0.0218283615084
248	0.0419898299562
249	0.0550074710012
250	0.0169864340465
251	0.0410373196358
252	0.0573093709421
253	0.0173833133467
254	0.0400848093155
255	0.0599287743231
256	0.0178595685069
257	0.041434198936
258	0.0617544191038
259	0.0190502064073
260	0.046593629838
261	0.0609606605035
262	0.0215902339283
263	0.0431804678566
264	0.0616750432438
265	0.0185739512472
266	0.0451648643574
267	0.0528643227804
268	0.0152401651259
269	0.0470698849981
270	0.0587381364226
271	0.0188120788273
272	0.0423867092563
273	0.0559599813216
274	0.0229396235488
275	0.0504830469795
276	0.0564362364818
277	0.0211933546282
278	0.0462761263978
279	0.0661994672655
280	0.0194470857075
281	0.0469111332781
282	0.0610400363635
283	0.0188914546873
284	0.0454029919375
285	0.0508799262796
286	0.0187327029672
287	0.0404816886156
288	0.0604844053433
289	0.0188914546873
290	0.0448473609173
291	0.0560393571816
292	0.0158751720061
293	0.038973547275
294	0.057150619222
295	0.0160339237262
296	0.0453236160775
297	0.0569124916419
298	0.018177071947
299	0.041592950656
300	0.0530230745004
301	0.0166689306064
302	0.0408785679158
1558
