-34	0.0782558453391
-33	0.0956540544966
-32	0.0714698218503
-31	0.0962315884105
-30	0.0671383174957
-29	0.0832370753468
-28	0.083886801
-27	0.0864135118735
-26	0.0953652875396
-25	0.0973866562384
-24	0.0879295383976
-23	0.11817787714
-22	0.0992636414587
-21	0.10388391277
-20	0.0920444675344
-19	0.0874963879621
-18	0.10771007495
-17	0.145755121531
-16	0.111319661912
-15	0.119549520186
-14	0.116156508441
-13	0.127418419763
-12	0.112691304958
-11	0.115073632353
-10	0.107204732775
-9	0.120415821057
-8	0.106121856687
-7	0.120776779753
-6	0.105688706251
-5	0.100563092765
-4	0.125613626282
-3	0.129800747158
-2	0.108792951039
-1	0.102079119289
0	0.355183357074
1	0.968957524115
2	0.423548934137
3	0.455529874621
4	0.403912781063
5	0.359153902732
6	0.264727107803
7	0.262416972147
8	0.272812582598
9	0.240542875157
10	0.226682061222
11	0.202497828576
12	0.181490032456
13	0.159399360248
14	0.152974295455
15	0.138969098042
16	0.133121567164
17	0.122509381495
18	0.124241983237
19	0.115939933224
20	0.134998552384
21	0.133193758903
22	0.138535947607
23	0.128356912373
24	0.124025408019
25	0.124314174976
26	0.142145534569
27	0.118466644097
28	0.110020210606
29	0.111175278434
30	0.105544322773
31	0.106699390601
32	0.105616514512
33	0.100274325808
34	0.106121856687
35	0.105327747555
36	0.0982529571093
37	0.105616514512
38	0.0997689836334
39	0.098758299284
40	0.0955818627573
41	0.106410623644
42	0.100635284504
43	0.112258154522
44	0.148787174579
45	0.123231298887
46	0.10965925191
47	0.0996246001549
48	0.0936326857978
49	0.101140626679
50	0.0993358331979
51	0.112546921479
52	0.107998841907
53	0.101357201897
54	0.102223502768
55	0.0971700810206
56	0.103595145813
57	0.100779667983
58	0.103234187117
59	0.0822985827367
60	0.0916835088382
61	0.0929107684053
62	0.0982529571093
63	0.0882904970938
64	0.08865145579
65	0.0965203553675
66	0.100274325808
67	0.0918278923167
68	0.091322550142
69	0.100851859722
70	0.100346517547
71	0.0961593966712
72	0.09341611058
73	0.091611317099
74	0.0951487123219
75	0.0864857036127
76	0.0903840575318
77	0.0911781666635
78	0.089228989704
79	0.0925498097091
80	0.0904562492711
81	0.0896621401394
82	0.0921166592737
83	0.0897343318787
84	0.096375971889
85	0.104317063206
86	0.10005775059
87	0.107204732775
88	0.0951487123219
89	0.0938492610155
90	0.100996243201
91	0.11630089192
92	0.101790352332
93	0.102656653203
94	0.0963037801497
95	0.0884348805723
96	0.0986861075447
97	0.0965925471067
98	0.0921166592737
99	0.0931995353623
100	0.0875685797014
1558
