-102	0.0145209686238
-101	0.0122869734509
-100	0.011489118032
-99	0.0124465445347
-98	0.0099731927361
-97	0.010052978278
-96	0.010052978278
-95	0.0152390385008
-94	0.0123667589928
-93	0.00965405056855
-92	0.0102923349037
-91	0.00917533731721
-90	0.0123667589928
-89	0.0120476168252
-88	0.0111699758644
-87	0.0101327638199
-86	0.0121274023671
-85	0.0106114770712
-84	0.00845726744021
-83	0.0092551228591
-82	0.0116486891158
-81	0.00941469394288
-80	0.0117284746577
-79	0.010052978278
-78	0.00917533731721
-77	0.0116486891158
-76	0.0103721204455
-75	0.0130050433279
-74	0.00949447948477
-73	0.0085370529821
-72	0.00957426502666
-71	0.00965405056855
-70	0.013643327663
-69	0.0146007541657
-68	0.0121274023671
-67	0.0106114770712
-66	0.0121274023671
-65	0.0133241854954
-64	0.0112497614063
-63	0.0194676722209
-62	0.017233677048
-61	0.0214623107681
-60	0.0146007541657
-59	0.0163560360872
-58	0.0120476168252
-57	0.0113295469482
-56	0.0118880457414
-55	0.0170741059642
-54	0.0139624698305
-53	0.0190687445114
-52	0.0163560360872
-51	0.0138826842887
-50	0.0118880457414
-49	0.0174730336737
-48	0.0138028987468
-47	0.0149996818751
-46	0.0131646144117
-45	0.0168347493385
-44	0.0162762505453
-43	0.0171538915061
-42	0.0156379662102
-41	0.0144411830819
-40	0.0153188240427
-39	0.0174730336737
-38	0.0182708890925
-37	0.0169145348804
-36	0.0128454722441
-35	0.0137231132049
-34	0.011489118032
-33	0.0141220409143
-32	0.0174730336737
-31	0.0145209686238
-30	0.0132443999535
-29	0.0152390385008
-28	0.0139624698305
-27	0.0135635421211
-26	0.0139624698305
-25	0.013643327663
-24	0.0124465445347
-23	0.0128454722441
-22	0.0152390385008
-21	0.0173932481318
-20	0.013643327663
-19	0.0155581806683
-18	0.0110901903225
-17	0.0131646144117
-16	0.0127656867022
-15	0.0118082601995
-14	0.0116486891158
-13	0.0128454722441
-12	0.0142018264562
-11	0.0151592529589
-10	0.015079467417
-9	0.0181113180088
-8	0.0198665999303
-7	0.0118880457414
-6	0.0118880457414
-5	0.0137231132049
-4	0.012925257786
-3	0.0252122312369
-2	0.0120476168252
-1	0.00805833973077
0	0.0101327638199
1	0.025132445695
2	0.0970990044787
3	0.159172156068
4	0.0336694986771
5	0.0437224769551
6	0.0614348672544
7	0.0192283155952
8	0.0363024215594
9	0.0639880045948
10	0.02154209631
11	0.0434831203294
12	0.0629507925503
13	0.0213825252262
14	0.0379779179391
15	0.0595997997909
16	0.0135635421211
17	0.0342279974703
18	0.0371002769783
19	0.0110104047807
20	0.0300791492921
21	0.0424459082849
22	0.0118082601995
23	0.0249728746112
24	0.0348662818054
25	0.0132443999535
26	0.0263292288233
27	0.0352652095149
28	0.0099731927361
29	0.0213027396843
30	0.0262494432814
31	0.00917533731721
32	0.0226590938964
33	0.0296802215826
34	0.00981362165232
35	0.0167549637967
36	0.0240154481085
37	0.0103721204455
38	0.0149996818751
39	0.0246537324436
40	0.0104519059874
41	0.0177921758412
42	0.0256111589463
43	0.00837748189833
44	0.0160368939197
45	0.0184304601763
46	0.0078189831051
47	0.0145209686238
48	0.0216218818519
49	0.00726048431188
50	0.0134837565792
51	0.0147603252494
52	0.00765941202133
53	0.0138826842887
54	0.018669816802
55	0.00845726744021
56	0.0139624698305
57	0.0180315324669
58	0.00598391564166
59	0.0144411830819
60	0.0185102457182
61	0.00558498793222
62	0.0117284746577
63	0.0167549637967
64	0.00686155660244
65	0.0115689035739
66	0.015797537294
67	0.00670198551866
68	0.0138028987468
69	0.019387886679
70	0.0085370529821
71	0.0153188240427
72	0.0184304601763
73	0.00869662406588
74	0.0126061156184
75	0.0177921758412
76	0.00742005539566
77	0.0140422553724
78	0.0171538915061
79	0.00566477347411
80	0.0139624698305
81	0.0144411830819
82	0.0078189831051
83	0.0108508336969
84	0.0163560360872
85	0.00718069876999
86	0.0146805397075
87	0.0163560360872
88	0.00614348672544
89	0.0113295469482
90	0.0160368939197
91	0.00702112768622
92	0.0148401107913
93	0.01436139754
94	0.00654241443488
95	0.0109306192388
96	0.017233677048
97	0.00670198551866
98	0.0115689035739
99	0.0164358216291
100	0.00638284335111
101	0.0126859011603
102	0.0137231132049
103	0.00598391564166
104	0.0112497614063
105	0.0141220409143
106	0.00462756142955
107	0.0120476168252
108	0.0141220409143
109	0.00662219997677
110	0.0125263300765
111	0.0156379662102
112	0.00742005539566
113	0.0121274023671
114	0.0153188240427
115	0.00566477347411
116	0.0118880457414
117	0.0140422553724
118	0.00646262889299
119	0.012207187909
120	0.0144411830819
121	0.00821791081455
122	0.0112497614063
123	0.0124465445347
124	0.00486691805522
125	0.010771048155
126	0.013643327663
127	0.00686155660244
128	0.0106912626131
129	0.015797537294
130	0.00582434455788
131	0.0128454722441
132	0.0138826842887
133	0.00662219997677
134	0.0132443999535
135	0.0135635421211
136	0.00590413009977
137	0.0134837565792
138	0.0173134625899
139	0.00678177106055
140	0.0138826842887
141	0.0167549637967
142	0.00630305780922
143	0.0116486891158
144	0.0144411830819
145	0.00662219997677
146	0.0123667589928
147	0.0158773228359
148	0.00734026985377
149	0.0115689035739
150	0.0153986095845
151	0.00590413009977
152	0.00949447948477
153	0.0157177517521
154	0.00606370118355
155	0.0099731927361
156	0.0167549637967
157	0.00630305780922
158	0.0119678312833
159	0.015797537294
160	0.00614348672544
161	0.0109306192388
162	0.0162762505453
163	0.00542541684844
164	0.010771048155
165	0.0146007541657
166	0.00773919756322
167	0.0135635421211
168	0.0168347493385
169	0.005026489139
170	0.0122869734509
171	0.0180315324669
172	0.00598391564166
173	0.0124465445347
174	0.0169943204223
175	0.00598391564166
176	0.0130848288698
177	0.0188293878858
178	0.00614348672544
179	0.0125263300765
180	0.017233677048
181	0.00654241443488
182	0.0132443999535
183	0.0163560360872
184	0.00638284335111
185	0.0118880457414
186	0.0177123902993
187	0.00678177106055
188	0.0120476168252
189	0.0163560360872
190	0.00686155660244
191	0.0120476168252
192	0.0161166794615
193	0.00734026985377
194	0.015079467417
195	0.0163560360872
196	0.00638284335111
197	0.0126859011603
198	0.0231378071478
199	0.00765941202133
200	0.0124465445347
201	0.0156379662102
202	0.00646262889299
203	0.0161166794615
204	0.017951746925
205	0.00606370118355
206	0.0138826842887
207	0.020824026433
208	0.00590413009977
209	0.0130050433279
210	0.0185900312601
211	0.00678177106055
212	0.0125263300765
213	0.0178719613831
214	0.00526584576466
215	0.0118082601995
216	0.0153188240427
217	0.00638284335111
218	0.0133241854954
219	0.0164358216291
220	0.00646262889299
221	0.0156379662102
222	0.0181113180088
223	0.00566477347411
224	0.0138028987468
225	0.0196272433046
226	0.00654241443488
227	0.0147603252494
228	0.0200261710141
229	0.0071009132281
230	0.0145209686238
231	0.0177921758412
232	0.00630305780922
233	0.0130050433279
234	0.0175528192155
235	0.00614348672544
236	0.0144411830819
237	0.0193081011371
238	0.00566477347411
239	0.0145209686238
240	0.0197070288465
241	0.00582434455788
242	0.0145209686238
243	0.0177123902993
244	0.00582434455788
245	0.0130050433279
246	0.0169145348804
247	0.00446799034577
248	0.0152390385008
249	0.0191485300533
250	0.00558498793222
251	0.013643327663
252	0.019387886679
253	0.00550520239033
254	0.0121274023671
255	0.0196272433046
256	0.00630305780922
257	0.0153188240427
258	0.0237760914829
259	0.0078189831051
260	0.01436139754
261	0.0234569493153
262	0.00757962647944
263	0.0134039710373
264	0.0195474577628
265	0.0071009132281
266	0.011489118032
267	0.0202655276398
268	0.00694134214433
269	0.0146007541657
270	0.0181911035507
271	0.00598391564166
272	0.0141220409143
273	0.015797537294
274	0.00526584576466
275	0.0159571083778
276	0.0173134625899
277	0.00534563130655
278	0.0162762505453
279	0.020824026433
280	0.005026489139
281	0.016515607171
282	0.0212229541424
283	0.00654241443488
284	0.01436139754
285	0.0173134625899
286	0.00638284335111
287	0.0124465445347
288	0.0190687445114
289	0.005744559016
290	0.0146805397075
291	0.0197070288465
292	0.00670198551866
293	0.0126061156184
294	0.0191485300533
295	0.00582434455788
296	0.0137231132049
297	0.0153986095845
298	0.00638284335111
299	0.0138028987468
300	0.0168347493385
301	0.00718069876999
302	0.0121274023671
1550
