-102	0.020125877204
-101	0.0108224056663
-100	0.015094407903
-99	0.0107274722833
-98	0.0139552073066
-97	0.0138602739235
-96	0.0106325389002
-95	0.0151893412861
-94	0.0168032087977
-93	0.0136704071575
-92	0.0122464064119
-91	0.012626139944
-90	0.012436273178
-89	0.0106325389002
-88	0.0132906736253
-87	0.0144298742218
-86	0.0144298742218
-85	0.0147146743709
-84	0.00996800521898
-83	0.0168981421807
-82	0.0144298742218
-81	0.0165184086486
-80	0.0118666728797
-79	0.0107274722833
-78	0.0137653405405
-77	0.0173728090959
-76	0.0146197409878
-75	0.0160437417334
-74	0.0115818727306
-73	0.0132906736253
-72	0.0130058734762
-71	0.0137653405405
-70	0.0131008068592
-69	0.0183221429263
-68	0.0166133420316
-67	0.0142400074557
-66	0.0129109400932
-65	0.0157589415843
-64	0.0241130792916
-63	0.0236384123764
-62	0.0243978794407
-61	0.0219296114818
-60	0.017562675862
-59	0.0258218801863
-58	0.0222144116309
-57	0.0191765433737
-56	0.020030943821
-55	0.0206954775023
-54	0.01499947452
-53	0.0186069430754
-52	0.0262965471015
-51	0.0237333457595
-50	0.0178474760111
-49	0.0221194782478
-48	0.0204106773532
-47	0.0187018764585
-46	0.0221194782478
-45	0.0185120096924
-44	0.0167082754147
-43	0.0186069430754
-42	0.0154741414352
-41	0.0219296114818
-40	0.0237333457595
-39	0.022594145163
-38	0.019936010438
-37	0.0229738786952
-36	0.0194613435228
-35	0.0184170763094
-34	0.0188917432245
-33	0.0212650778005
-32	0.0227840119291
-31	0.0186069430754
-30	0.0379733532152
-29	0.0214549445666
-28	0.0215498779496
-27	0.0210752110344
-26	0.02249921178
-25	0.0223093450139
-24	0.0237333457595
-23	0.0212650778005
-22	0.0196512102888
-21	0.0192714767567
-20	0.0206005441192
-19	0.0222144116309
-18	0.0180373427772
-17	0.0158538749673
-16	0.0160437417334
-15	0.0157589415843
-14	0.0213600111835
-13	0.0223093450139
-12	0.0160437417334
-11	0.0178474760111
-10	0.0181322761602
-9	0.025062413122
-8	0.0253472132711
-7	0.0240181459086
-6	0.0204106773532
-5	0.0188917432245
-4	0.0204106773532
-3	0.0202208105871
-2	0.0138602739235
-1	0.0160437417334
0	0.0135754737744
1	0.0277205478471
2	0.0982560514442
3	0.205435840894
4	0.0418656219197
5	0.0538272281825
6	0.0797440417519
7	0.0244928128238
8	0.0577194968871
9	0.0878133793101
10	0.0289546818266
11	0.0571498965888
12	0.0880981794592
13	0.0268661473997
14	0.0532576278843
15	0.087718445927
16	0.0160437417334
17	0.0419605553028
18	0.0518336271387
19	0.0165184086486
20	0.0413909550045
21	0.0616117655916
22	0.0187968098415
23	0.0339861511276
24	0.0555360290772
25	0.0234485456104
26	0.0393973539607
27	0.06749763534
28	0.0169930755638
29	0.0307584161043
30	0.047561624902
31	0.0176576092451
32	0.0281952147623
33	0.0457578906243
34	0.0142400074557
35	0.032562150382
36	0.0393973539607
37	0.012531206561
38	0.0235434789934
39	0.0412010882385
40	0.01499947452
41	0.0263914804845
42	0.032467216999
43	0.0106325389002
44	0.0235434789934
45	0.0287648150605
46	0.0123413397949
47	0.0180373427772
48	0.0260117469524
49	0.0104426721342
50	0.0207904108853
51	0.0298090822739
52	0.0122464064119
53	0.0220245448648
54	0.0271509475488
55	0.0107274722833
56	0.0177525426281
57	0.0278154812301
58	0.00939840492075
59	0.0196512102888
60	0.0284800149114
61	0.0107274722833
62	0.0173728090959
63	0.0286698816775
64	0.0133856070083
65	0.0185120096924
66	0.0291445485926
67	0.010062938602
68	0.0221194782478
69	0.027435747698
70	0.0129109400932
71	0.0231637454613
72	0.0310432162534
73	0.0122464064119
74	0.025157346505
75	0.0322773502329
76	0.0114869393476
77	0.0244928128238
78	0.0294293487418
79	0.012626139944
80	0.0229738786952
81	0.0236384123764
82	0.0103477387511
83	0.0231637454613
84	0.0383530867473
85	0.0114869393476
86	0.0206005441192
87	0.0272458809319
88	0.00892373800556
89	0.0179424093942
90	0.0307584161043
91	0.0105376055172
92	0.022594145163
93	0.0317077499347
94	0.0106325389002
95	0.0198410770549
96	0.0334165508293
97	0.00958827168683
98	0.0234485456104
99	0.0267712140167
100	0.0109173390494
101	0.0206005441192
102	0.0267712140167
103	0.0107274722833
104	0.0176576092451
105	0.0252522798881
106	0.010062938602
107	0.0182272095433
108	0.0286698816775
109	0.0105376055172
110	0.0218346780987
111	0.0296192155078
112	0.0118666728797
113	0.0162336084995
114	0.0268661473997
115	0.0112970725815
116	0.0170880089468
117	0.0271509475488
118	0.00863893785645
119	0.0177525426281
120	0.025062413122
121	0.0110122724324
122	0.020030943821
123	0.0247776129729
124	0.0101578719851
125	0.0221194782478
126	0.0277205478471
127	0.012436273178
128	0.022594145163
129	0.0277205478471
130	0.00930347153772
131	0.0141450740727
132	0.0270560141658
133	0.00835413770734
134	0.0208853442683
135	0.0246826795899
136	0.010062938602
137	0.0209802776514
138	0.0386378868964
139	0.0128160067101
140	0.0198410770549
141	0.0259168135694
142	0.0101578719851
143	0.0183221429263
144	0.024967479739
145	0.00844907109037
146	0.0165184086486
147	0.0254421466542
148	0.00939840492075
149	0.0187968098415
150	0.0284800149114
151	0.00854400447341
152	0.0163285418825
153	0.0246826795899
154	0.00778453740911
155	0.0171829423299
156	0.0270560141658
157	0.00768960402607
158	0.0191765433737
159	0.030093882423
160	0.00996800521898
161	0.0184170763094
162	0.0283850815283
163	0.00977813845291
164	0.0186069430754
165	0.027530681081
166	0.0112021391985
167	0.0221194782478
168	0.0316128165516
169	0.0108224056663
170	0.0197461436719
171	0.032467216999
172	0.0117717394967
173	0.0182272095433
174	0.0288597484435
175	0.0106325389002
176	0.0209802776514
177	0.0286698816775
178	0.0113920059646
179	0.0194613435228
180	0.0316128165516
181	0.00768960402607
182	0.020125877204
183	0.0312330830195
184	0.00958827168683
185	0.0216448113326
186	0.0352202851071
187	0.0113920059646
188	0.0206005441192
189	0.0309482828704
190	0.0107274722833
191	0.0208853442683
192	0.0316128165516
193	0.0107274722833
194	0.024967479739
195	0.034935484958
196	0.0122464064119
197	0.0213600111835
198	0.0337013509785
199	0.0112021391985
200	0.0205056107362
201	0.0318026833177
202	0.00996800521898
203	0.0228789453121
204	0.0319925500838
205	0.0122464064119
206	0.0227840119291
207	0.0313280164025
208	0.00977813845291
209	0.0247776129729
210	0.0409162880893
211	0.0103477387511
212	0.0254421466542
213	0.037593619683
214	0.0111072058154
215	0.0261066803354
216	0.0306634827212
217	0.00911360477164
218	0.0206954775023
219	0.0333216174463
220	0.0119616062628
221	0.0269610807828
222	0.0311381496364
223	0.0110122724324
224	0.0256320134202
225	0.0342709512767
226	0.0106325389002
227	0.0261066803354
228	0.0452832237091
229	0.00920853815468
230	0.0252522798881
231	0.032467216999
232	0.0122464064119
233	0.0229738786952
234	0.0336064175954
235	0.00844907109037
236	0.0226890785461
237	0.0385429535134
238	0.0111072058154
239	0.0181322761602
240	0.0341760178937
241	0.010062938602
242	0.020125877204
243	0.0312330830195
244	0.00863893785645
245	0.0206005441192
246	0.0308533494873
247	0.00911360477164
248	0.0237333457595
249	0.0318976167007
250	0.010062938602
251	0.0210752110344
252	0.0337962843615
253	0.00797440417519
254	0.0217397447157
255	0.0358848187883
256	0.0105376055172
257	0.025062413122
258	0.0335114842124
259	0.00835413770734
260	0.0212650778005
261	0.0314229497856
262	0.00977813845291
263	0.0206954775023
264	0.0306634827212
265	0.0113920059646
266	0.0257269468033
267	0.0392074871947
268	0.0112021391985
269	0.0218346780987
270	0.0280053479962
271	0.00939840492075
272	0.0231637454613
273	0.0312330830195
274	0.0082592043243
275	0.0219296114818
276	0.035030418341
277	0.00977813845291
278	0.0237333457595
279	0.0348405515749
280	0.00835413770734
281	0.0209802776514
282	0.0295242821248
283	0.00939840492075
284	0.0215498779496
285	0.0286698816775
286	0.0115818727306
287	0.0219296114818
288	0.0306634827212
289	0.00930347153772
290	0.0203157439701
291	0.0319925500838
292	0.0116768061137
293	0.0270560141658
294	0.0257269468033
295	0.00977813845291
296	0.022594145163
297	0.0307584161043
298	0.00873387123949
299	0.0221194782478
300	0.0369290860018
301	0.012436273178
302	0.0245877462068
1550
