-34	0.0493437524021
-33	0.04063603139
-32	0.0454252779466
-31	0.0340326762891
-30	0.0444819415037
-29	0.039692694947
-28	0.0325813894537
-27	0.036862685618
-26	0.0400555166558
-25	0.0339601119473
-24	0.0339601119473
-23	0.0472393864908
-22	0.0385316654787
-21	0.0549312067182
-20	0.0558019788194
-19	0.0401280809976
-18	0.0595027602496
-17	0.0542781276423
-16	0.0532622268576
-15	0.0491986237186
-14	0.0548586423765
-13	0.0570355726295
-12	0.0482552872756
-11	0.0484729803009
-10	0.0426678329595
-9	0.0439739911113
-8	0.0464411787314
-7	0.0552940284271
-6	0.0452801492631
-5	0.0431757833518
-4	0.0505773462122
-3	0.0711130549324
-2	0.046876564782
-1	0.0833764286912
0	0.105290859905
1	0.233874873518
2	0.111676521981
3	0.138017378042
4	0.123504509689
5	0.115377303411
6	0.0829410426406
7	0.0816348844888
8	0.0811994984382
9	0.0743058859702
10	0.0689361246794
11	0.063130977338
12	0.056890443946
13	0.0513029896298
14	0.0523914547564
15	0.0444819415037
16	0.0455704066302
17	0.0372980716687
18	0.0419421895418
19	0.0370078143016
20	0.0388944871875
21	0.0364272995674
22	0.0402006453394
23	0.0476022081997
24	0.0425952686177
25	0.0433934763771
26	0.0412165461241
27	0.0366449925927
28	0.0317831816943
29	0.0314929243272
30	0.0380962794281
31	0.0371529429851
32	0.0333070328714
33	0.0362821708839
34	0.0333795972132
35	0.0310575382766
36	0.0318557460361
37	0.0331619041879
38	0.0332344685297
39	0.0303318948589
40	0.0302593305172
41	0.0317831816943
42	0.0290257367071
43	0.0294611227577
44	0.0338149832638
45	0.0304770235425
46	0.0335972902385
47	0.0272116281629
48	0.0320008747196
49	0.0310575382766
50	0.0305495878842
51	0.0281549646059
52	0.0280824002641
53	0.0271390638212
54	0.0262682917199
55	0.031565488669
56	0.0349034483903
57	0.034685755365
58	0.0313477956437
59	0.0344680623397
60	0.032508825112
61	0.0306947165678
62	0.0326539537955
63	0.0324362607702
64	0.029678815783
65	0.0331619041879
66	0.0428855259848
67	0.0363547352257
68	0.0335972902385
69	0.037515764694
70	0.0301867661754
71	0.0288806080236
72	0.0272116281629
73	0.0338149832638
74	0.0329442111626
75	0.0347583197068
76	0.0328716468208
77	0.0308398452513
78	0.030622152226
79	0.0309124095931
80	0.0329442111626
81	0.0296062514413
82	0.0296062514413
83	0.0302593305172
84	0.0309849739349
85	0.0327265181373
86	0.034685755365
87	0.0380237150863
88	0.029678815783
89	0.0275744498718
90	0.0311301026184
91	0.0344680623397
92	0.0318557460361
93	0.0307672809095
94	0.0303318948589
95	0.0327265181373
96	0.0345406266815
97	0.0317106173525
98	0.0341052406309
99	0.0285903506565
100	0.0331619041879
1550
