-102	0.0872922974899
-101	0.0685239313572
-100	0.0820258163731
-99	0.0730593711858
-98	0.0655251701548
-97	0.0796238235692
-96	0.0701650444531
-95	0.0675541827096
-94	0.0885007534968
-93	0.0798923693485
-92	0.0812350982451
-91	0.0867701251412
-90	0.0787734286013
-89	0.0795343083094
-88	0.0814439671846
-87	0.0739545237835
-86	0.0798028540888
-85	0.0887842184861
-84	0.0846068396966
-83	0.0763415973775
-82	0.0797580964589
-81	0.111998509188
-80	0.0997796762284
-79	0.0950950443002
-78	0.0892914716248
-77	0.0864717409419
-76	0.0854721538745
-75	0.0938119922434
-74	0.0934688504143
-73	0.0917083836387
-72	0.0961841466274
-71	0.0841592633978
-70	0.0935434464641
-69	0.0908281502509
-68	0.0911265344502
-67	0.0948115793109
-66	0.081682674544
-65	0.0865314177818
-64	0.105941309943
-63	0.0893362292547
-62	0.110044092682
-61	0.113460591764
-60	0.108044918548
-59	0.0977357444635
-58	0.115489604319
-57	0.112013428398
-56	0.113430753344
-55	0.121576641983
-54	0.106732028071
-53	0.10322601373
-52	0.127768114118
-51	0.13078179453
-50	0.137092620344
-49	0.123859281108
-48	0.126664092581
-47	0.123158078239
-46	0.130617683221
-45	0.121725834083
-44	0.12277017878
-43	0.145044559254
-42	0.121546803563
-41	0.140703069155
-40	0.14277683934
-39	0.147357036798
-38	0.17464427182
-37	0.1466110763
-36	0.145178832144
-35	0.13093098663
-34	0.151325546648
-33	0.173644684752
-32	0.151429981118
-31	0.156204128306
-30	0.171735025877
-29	0.172764451364
-28	0.152071507147
-27	0.131900735277
-26	0.156412997246
-25	0.144671579005
-24	0.148938473054
-23	0.147282440749
-22	0.173525331072
-21	0.159516192918
-20	0.148013482037
-19	0.167110070789
-18	0.143448203788
-17	0.136525690366
-16	0.13489949648
-15	0.128857216445
-14	0.143448203788
-13	0.170750358019
-12	0.143373607738
-11	0.140583715475
-10	0.129991076402
-9	0.130065672452
-8	0.148744523325
-7	0.121233500154
-6	0.155070268349
-5	0.13889784475
-4	0.11480332066
-3	0.109805385323
-2	0.113938006483
-1	0.122427036951
0	0.113908168063
1	0.305933319488
2	1.45451853686
3	4.46084377875
4	0.592784969435
5	0.651820283256
6	1.22528487579
7	0.282584755897
8	0.427316011742
9	1.09038537931
10	0.239930734615
11	0.409069817958
12	1.09286196816
13	0.170228185671
14	0.32138962101
15	1.01020954497
16	0.15857628269
17	0.441534018837
18	0.823465793873
19	0.151474738748
20	0.332892331891
21	0.753927356239
22	0.136525690366
23	0.299726928144
24	0.593933748602
25	0.1148629975
26	0.262593014548
27	0.517189332556
28	0.101361112484
29	0.218805133308
30	0.546848721961
31	0.108582010106
32	0.217686192561
33	0.405653318877
34	0.0812649366651
35	0.180731309484
36	0.351138525674
37	0.0834133028996
38	0.161515367053
39	0.30920062647
40	0.0715226925596
41	0.139912351027
42	0.243153283967
43	0.05552929948
44	0.113042853885
45	0.238647682558
46	0.0576179888747
47	0.115668634838
48	0.230248167349
49	0.0548131774018
50	0.115280735379
51	0.203885923346
52	0.053530125345
53	0.0980192094528
54	0.176583769115
55	0.0478309871394
56	0.10298730637
57	0.195128347098
58	0.0576776657145
59	0.107806211188
60	0.184341758295
61	0.0497108075946
62	0.0956172166489
63	0.167856031287
64	0.0475176837302
65	0.0887692992761
66	0.166826605799
67	0.0524559422277
68	0.0930511125353
69	0.181492189192
70	0.0488156549969
71	0.0928720820158
72	0.168258849956
73	0.0451306101362
74	0.0868148827711
75	0.182029280751
76	0.0466076119225
77	0.0815334824444
78	0.139658724458
79	0.0420870913039
80	0.082085493213
81	0.150445313261
82	0.043235870471
83	0.0706275399619
84	0.140926857305
85	0.0403564629482
86	0.0712690659903
87	0.152802548435
88	0.0429673246916
89	0.0701501252431
90	0.111386821579
91	0.0324791200881
92	0.0655550085747
93	0.139912351027
94	0.0356270733902
95	0.0666590301119
96	0.146998975759
97	0.0391032493114
98	0.0607062653369
99	0.106508239921
100	0.0361492457388
101	0.0618102868741
102	0.107388473309
103	0.0335831416253
104	0.0637050265393
105	0.109894900583
106	0.0349855473618
107	0.0647344520268
108	0.111744882618
109	0.0358061039097
110	0.0583937877927
111	0.0960051161079
112	0.0335383839954
113	0.0577075041345
114	0.0957365703286
115	0.0375665706853
116	0.0676884555993
117	0.118160142902
118	0.0330758884866
119	0.065017917016
120	0.12281493641
121	0.0343887789633
122	0.0556038955298
123	0.098735331531
124	0.0314198561808
125	0.057110735736
126	0.0926035362365
127	0.0295101973056
128	0.051143051751
129	0.0877547929987
130	0.0297041470351
131	0.0576478272946
132	0.106687270441
133	0.0320613822091
134	0.0492035544559
135	0.0921112023077
136	0.0292864091561
137	0.0497108075946
138	0.0928571628058
139	0.028943267327
140	0.0556337339497
141	0.0954680245492
142	0.029331166786
143	0.0493378273456
144	0.10300222558
145	0.0306888148926
146	0.0526946495871
147	0.0961393889976
148	0.029361005206
149	0.0561260678785
150	0.115221058539
151	0.0273916694909
152	0.05551438027
153	0.086441902522
154	0.0273021542311
155	0.0529035185266
156	0.0841592633978
157	0.0282868220887
158	0.0516801433097
159	0.0848007894261
160	0.0369996407067
161	0.0456229440649
162	0.0859197301733
163	0.0290775402167
164	0.0513519206905
165	0.0910519384004
166	0.0287343983875
167	0.0460854395738
168	0.0778931952136
169	0.0259743445445
170	0.0476370374099
171	0.0810859061455
172	0.0270783660817
173	0.0485620284275
174	0.0976760676237
175	0.0320763014191
176	0.0533660140354
177	0.086829801981
178	0.0251687072065
179	0.0449068219868
180	0.0759387787085
181	0.026168294274
182	0.0436685275599
183	0.0765803047369
184	0.0240646856693
185	0.0476967142497
186	0.0803548648574
187	0.0257356371851
188	0.0470999458512
189	0.0787435901814
190	0.0249449190571
191	0.0470551882213
192	0.0811157445654
193	0.0276602152702
194	0.0476967142497
195	0.0775948110143
196	0.0224832494133
197	0.0461152779937
198	0.0835624949993
199	0.0238259783099
200	0.049576534705
201	0.0885156727068
202	0.025377576146
203	0.0478160679294
204	0.0819213819034
205	0.0242437161889
206	0.047995098449
207	0.0865910946216
208	0.0241691201391
209	0.0433701433606
210	0.0700009331435
211	0.0203647215986
212	0.0403266245283
213	0.0706275399619
214	0.0231247754417
215	0.0454140751255
216	0.0784899636121
217	0.0273170734411
218	0.0458019745845
219	0.0763714357974
220	0.0227219567727
221	0.0433253857307
222	0.0743125848226
223	0.024601777228
224	0.0409830697666
225	0.0848903046859
226	0.0237513822601
227	0.0462197124634
228	0.0730742903957
229	0.0235425133206
230	0.0410427466065
231	0.070194882873
232	0.0243183122387
233	0.0506656370322
234	0.078131902573
235	0.0242287969789
236	0.0380141469841
237	0.0741186350931
238	0.0213493894562
239	0.0420124952541
240	0.0780274681032
241	0.0225130878332
242	0.0412068579161
243	0.0704186710224
244	0.0220804307443
245	0.0416991918448
246	0.0718210767589
247	0.0215433391857
248	0.0428479710119
249	0.0684791737273
250	0.0279287610496
251	0.0406250087276
252	0.0674348290299
253	0.0210659244669
254	0.041639515005
255	0.0817125129639
256	0.021826804175
257	0.0447128722572
258	0.076117809228
259	0.0188131237626
260	0.0412068579161
261	0.0707916512715
262	0.021409066296
263	0.0458765706343
264	0.0699710947235
265	0.0205139136983
266	0.0402520284785
267	0.0722835722677
268	0.0191264271718
269	0.0382080967136
270	0.0677033748093
271	0.0247360501176
272	0.0501136262636
273	0.0796387427792
274	0.0240199280394
275	0.0495019386552
276	0.0752972526801
277	0.02378122068
278	0.0427136981223
279	0.0651969475356
280	0.0191562655917
281	0.0436536083499
282	0.0753867679399
283	0.0201856910791
284	0.0442354575384
285	0.0707021360117
286	0.0188131237626
287	0.043996750179
288	0.0667037877418
289	0.0207227826377
290	0.0382080967136
291	0.0700158523534
292	0.0170078993571
293	0.0468314000719
294	0.0786689941316
295	0.0207227826377
296	0.0437282043997
297	0.0712541467803
298	0.0203050447588
299	0.0409084737168
300	0.0767145776265
301	0.0188429621825
302	0.0382528543435
7741
