-102	0.0276288635031
-101	0.0258923401872
-100	0.02884702165
-99	0.029080285976
-98	0.0242594899051
-97	0.0258145854119
-96	0.0285878390655
-95	0.0365188261499
-94	0.0271364165926
-93	0.0295727328865
-92	0.0287951851331
-91	0.027395599177
-90	0.0244409177142
-89	0.0311796649101
-88	0.0278102913122
-87	0.0272660078848
-86	0.0280176373797
-85	0.0312833379439
-84	0.0292357955267
-83	0.0290284494591
-82	0.0455902166059
-81	0.0301688528307
-80	0.0332012890689
-79	0.0361300522732
-78	0.030065179797
-77	0.0292357955267
-76	0.0319053761466
-75	0.0308168092919
-74	0.0283027382226
-73	0.0293913050774
-72	0.0294172233358
-71	0.02768070002
-70	0.0294431415943
-69	0.029313550302
-68	0.030531708449
-67	0.0278362095706
-66	0.0256072393443
-65	0.0258923401872
-64	0.0309204823257
-63	0.0313870109777
-62	0.0320608856973
-61	0.0425836986262
-60	0.0351969949692
-59	0.0305576267074
-58	0.0350155671601
-57	0.0405620744674
-56	0.0350155671601
-55	0.0370890278357
-54	0.0349637306432
-53	0.0363633165992
-52	0.0335641446871
-51	0.032164558731
-50	0.0324755778324
-49	0.0393698345789
-48	0.0384108590164
-47	0.0348859758678
-46	0.0385922868256
-45	0.0383071859827
-44	0.0397326901972
-43	0.0401992188492
-42	0.0404324831752
-41	0.0432316550873
-40	0.0411581944117
-39	0.0487522441363
-38	0.0528991654876
-37	0.042454107334
-36	0.0487263258778
-35	0.208408716161
-34	0.0536767132409
-33	0.0518883534082
-32	0.0578754711091
-31	0.0467824564944
-30	0.0583419997612
-29	0.167457867817
-28	0.385197157019
-27	0.104372826761
-26	0.217428270101
-25	0.153954455167
-24	0.102999159063
-23	0.0969861231036
-22	0.115439923117
-21	0.0941869511915
-20	0.106938734347
-19	0.0564499668946
-18	0.0599230135263
-17	0.0808649663504
-16	0.0792321160683
-15	0.0580050624014
-14	0.0523030455433
-13	0.0528991654876
-12	0.0540654871176
-11	0.0512922334639
-10	0.0512663152055
-9	0.0477155137984
-8	0.0608042343135
-7	0.0436981837394
-6	0.0518365168913
-5	0.0518105986328
-4	0.0407435022766
-3	0.0439573663238
-2	0.0481302059336
-1	0.0350933219354
0	0.0480524511582
1	0.0946016433266
2	0.243631629389
3	0.711274766524
4	0.162662990005
5	0.153254662189
6	0.280720657225
7	0.0842343399484
8	0.134489843074
9	0.366043564028
10	0.102273447827
11	0.17541477316
12	0.408601344396
13	0.0813574132609
14	0.197186110254
15	0.623230442584
16	0.162507480454
17	0.88541954502
18	1.04901559233
19	0.25311771198
20	0.326077609505
21	0.387374290729
22	0.107794036875
23	0.162507480454
24	0.62680716225
25	0.171527034393
26	1.00814249876
27	1.23440889499
28	0.301221999655
29	0.147215707971
30	0.416843350581
31	0.0949904172033
32	0.138688600943
33	0.192987352386
34	0.0586530188625
35	0.255916883892
36	0.354950549413
37	0.308038501627
38	0.282483098799
39	0.373793123303
40	0.0672837989249
41	0.0996297854651
42	0.180520670074
43	0.040769420535
44	0.0750333582001
45	0.140088186899
46	0.0375814747462
47	0.0692017500499
48	0.153669354324
49	0.0422467612664
50	0.0721564315127
51	0.106316696144
52	0.0407953387934
53	0.0745668295481
54	0.102014265242
55	0.0413914587377
56	0.0908694141104
57	0.141332263304
58	0.037451883454
59	0.0752925407846
60	0.0848045416342
61	0.0340565915976
62	0.0864633101747
63	0.123656011044
64	0.044605322785
65	0.0937722590564
66	0.188322065866
67	0.0470157208204
68	0.164840123714
69	0.232668206067
70	0.059145465773
71	0.0807872115751
72	0.154861594213
73	0.0431279820536
74	0.0772882466849
75	0.12972088352
76	0.0394994258712
77	0.0783768135396
78	0.129850474813
79	0.0385922868256
80	0.104113644176
81	0.141358181563
82	0.0348600576094
83	0.0659878860026
84	0.0930983843368
85	0.044838587111
86	0.0594305666159
87	0.0885886073672
88	0.0428947177275
89	0.14840794786
90	0.224996401567
91	0.051758762116
92	0.143768579598
93	0.137340851503
94	0.0442683854252
95	0.0637329975178
96	0.0962344936087
97	0.0344194472158
98	0.0575903702662
99	0.0837418930379
100	0.0308945640672
101	0.0777288570785
102	0.117202364691
103	0.030531708449
104	0.0568646590298
105	0.0730894888167
106	0.0389810607023
107	0.0911545149533
108	0.168105824278
109	0.0448904236279
110	0.073219080109
111	0.0880961604568
112	0.0312055831686
113	0.0621001472358
114	0.0816425141038
115	0.0376073930046
116	0.0704976629722
117	0.131405570319
118	0.0428169629522
119	0.0581087354351
120	0.0891847273115
121	0.030998237101
122	0.0553873182983
123	0.084156585173
124	0.0288988581669
125	0.0548171166125
126	0.0822127157896
127	0.027162334851
128	0.0495038736312
129	0.0765884537069
130	0.0299874250216
131	0.0604672969537
132	0.0923467548418
133	0.0314129292361
134	0.0570979233558
135	0.086307800624
136	0.032164558731
137	0.0811759854518
138	0.120234800929
139	0.0392661615452
140	0.134645352625
141	0.163544210792
142	0.0572534329064
143	0.130213330431
144	0.131250060769
145	0.0538581410501
146	0.0858153537135
147	0.162507480454
148	0.0328643517091
149	0.069616442185
150	0.136641058525
151	0.0476118407647
152	0.164114412478
153	0.114843803173
154	0.0569424138051
155	0.141746955439
156	0.138429418358
157	0.0470934755957
158	0.146619588027
159	0.351736685366
160	0.169323982425
161	0.185445139179
162	0.197808148457
163	0.0503850944183
164	0.119794190536
165	0.126869875091
166	0.0315943570452
167	0.0601303595939
168	0.0754998868522
169	0.0271104983341
170	0.0546875253203
171	0.0885108525919
172	0.029546814628
173	0.0531065115551
174	0.0841825034315
175	0.0339010820469
176	0.0647697278557
177	0.0867484110176
178	0.0315425205284
179	0.0583679180196
180	0.088459016075
181	0.0308427275503
182	0.0578236345922
183	0.0791025247761
184	0.0278621278291
185	0.0534693671734
186	0.0777029388201
187	0.0372445373864
188	0.0645364635297
189	0.221186417575
190	0.0421171699742
191	0.0892624820868
192	0.150325898985
193	0.0473008216633
194	0.108338320303
195	0.113081361598
196	0.0534952854318
197	0.114092173678
198	0.163492374275
199	0.0428687994691
200	0.100122232376
201	0.0987485646779
202	0.034834139351
203	0.107120162156
204	0.121971324245
205	0.0447349140772
206	0.0999408045664
207	0.124381722281
208	0.0406657475012
209	0.0908175775935
210	0.178343536365
211	0.0492446910467
212	0.113988500644
213	0.218179899595
214	0.0595342396497
215	0.112329732103
216	0.138507173134
217	0.0496593831819
218	0.0989040742286
219	0.202991800146
220	0.0531065115551
221	0.138429418358
222	0.0970638778789
223	0.0472749034049
224	0.0764070258978
225	0.208538307454
226	0.0372186191279
227	0.0792321160683
228	0.104372826761
229	0.0343676106989
230	0.0850637242186
231	0.107586690808
232	0.0311796649101
233	0.0823423070818
234	0.125470289135
235	0.0658582947104
236	0.0742558104468
237	0.0976081613063
238	0.0301170163138
239	0.0801133368555
240	0.152269768368
241	0.144934901228
242	0.427106980926
243	0.153021397863
244	0.050074075317
245	0.10538363884
246	0.159993409385
247	0.0443720584589
248	0.0740484643792
249	0.165177061074
250	0.0588603649301
251	0.098696728161
252	0.175803547037
253	0.0911545149533
254	0.151025691963
255	0.247260185571
256	0.0353265862614
257	0.0687870579147
258	0.116761754298
259	0.0456420531228
260	0.0899881933233
261	0.173807841137
262	0.0382553494658
263	0.0877073865801
264	0.126144163855
265	0.0844416860159
266	0.0984116273181
267	0.216158275437
268	0.0342639376651
269	0.113003606823
270	0.298189563417
271	0.18492677401
272	0.269731315644
273	0.234249219832
274	0.0716380663438
275	0.196227134692
276	0.173522740294
277	0.0443461402005
278	0.0766143719653
279	0.0765884537069
280	0.0252443837261
281	0.0588862831885
282	0.0843380129821
283	0.0279917191213
284	0.0657287034182
285	0.0812796584856
286	0.0254517297936
287	0.07153439331
288	0.086307800624
289	0.0279917191213
290	0.0598970952679
291	0.0827310809585
292	0.0266698879406
293	0.0552836452646
294	0.0795690534281
295	0.0286396755824
296	0.0600266865601
297	0.0827051627001
298	0.0267994792328
299	0.0592491388068
300	0.08153884107
301	0.0263847870977
302	0.0589381197054
7741
