-102	0.0322072434493
-101	0.0252512836861
-100	0.0261710800184
-99	0.022448779236
-98	0.0205373274829
-97	0.0241159100884
-96	0.0234116910214
-95	0.0239865637291
-94	0.0257974127584
-93	0.0261854518361
-92	0.0280825317715
-91	0.0279100699592
-90	0.0260129900238
-89	0.0252656555038
-88	0.0284274553962
-87	0.0284561990315
-86	0.0278669545061
-85	0.0277232363292
-84	0.0266166063669
-83	0.0287292635677
-82	0.0274214281577
-81	0.0295772008116
-80	0.0301377017016
-79	0.0333569888648
-78	0.0293903671816
-77	0.0288729817446
-76	0.0288586099269
-75	0.0323940770793
-74	0.0299364962539
-73	0.0280681599538
-72	0.032221615267
-71	0.029419110817
-70	0.0325234234386
-69	0.0292897644577
-68	0.0308562925862
-67	0.0288154944739
-66	0.0275364026992
-65	0.0302095607901
-64	0.0322791025378
-63	0.0313736780232
-62	0.0340755797494
-61	0.0372373796418
-60	0.0371224051002
-59	0.032782116157
-58	0.0343055288325
-57	0.0346935679102
-56	0.0375823032664
-55	0.0395512422903
-54	0.033486335224
-53	0.0368637123818
-52	0.0391200877595
-51	0.0380853168857
-50	0.0394218959311
-49	0.0400686277272
-48	0.0437621848743
-47	0.0374242132718
-46	0.0417788740327
-45	0.0381859196095
-44	0.038444612328
-43	0.0455011748151
-42	0.0382290350626
-41	0.0426411830942
-40	0.0479443838228
-39	0.0464928302359
-38	0.0525864809376
-37	0.0453862002735
-36	0.0433310303435
-35	0.049295334686
-34	0.0481743329059
-33	0.0493240783213
-32	0.0460760475228
-31	0.0538368290769
-30	0.0556476781061
-29	0.0539661754361
-28	0.0451418793728
-27	0.0418219894858
-26	0.0523565318545
-25	0.0550153181277
-24	0.0521840700422
-23	0.0499708101175
-22	0.0600454543201
-21	0.0532044690984
-20	0.0506894010022
-19	0.0510199528091
-18	0.0491228728737
-17	0.0476425756513
-16	0.0486342310721
-15	0.0465072020536
-14	0.0494103092275
-13	0.0569986289692
-12	0.0515085946106
-11	0.0507468882729
-10	0.054296727243
-9	0.0523134164014
-8	0.0557770244654
-7	0.0409740522419
-6	0.0521696982245
-5	0.0519972364122
-4	0.0428423885419
-3	0.049525283769
-2	0.048591115619
-1	0.0407728467942
0	0.0478581529167
1	0.105115474604
2	0.269974595357
3	0.638755437352
4	0.121987988576
5	0.168322728817
6	0.25413685226
7	0.0870213561293
8	0.155646785612
9	0.388067821338
10	0.106581400009
11	0.149050121291
12	0.47638264106
13	0.0839889025961
14	0.131286554623
15	0.388570834958
16	0.0776221873583
17	0.201708461317
18	0.294090505446
19	0.074920285632
20	0.150156751253
21	0.271598610757
22	0.0655354886787
23	0.126615713873
24	0.197411287827
25	0.0582777207439
26	0.124071902141
27	0.197569377822
28	0.0514223637045
29	0.105949040031
30	0.192467382541
31	0.05500094631
32	0.106064014572
33	0.165520224367
34	0.0495109119514
35	0.106178989114
36	0.151205893945
37	0.0450269048312
38	0.0897807451263
39	0.133772879084
40	0.0438627875981
41	0.0760412874121
42	0.114212835204
43	0.0367631096579
44	0.071226728485
45	0.112833140705
46	0.0405285258934
47	0.074690336549
48	0.112071434368
49	0.0389907414003
50	0.0765299292136
51	0.106840092728
52	0.0382434068803
53	0.0639689605502
54	0.0965929867126
55	0.0374673287249
56	0.0797061009237
57	0.120263370453
58	0.0408447058827
59	0.0799935372776
60	0.101565635634
61	0.0355846206071
62	0.075811338329
63	0.104080703731
64	0.0379703423441
65	0.0742016947474
66	0.107026926358
67	0.0411752576896
68	0.0840751335023
69	0.118682470506
70	0.0392925495718
71	0.0760556592298
72	0.110346816245
73	0.0379559705264
74	0.0716578830158
75	0.1055178855
76	0.0369499432879
77	0.0699907521635
78	0.0997404147873
79	0.0346791960925
80	0.0784988682375
81	0.116253633316
82	0.0372948669126
83	0.0708961766781
84	0.107443709071
85	0.0365475323925
86	0.0712123566673
87	0.118006995075
88	0.0358864287787
89	0.0678206076919
90	0.0940922904341
91	0.0324659361678
92	0.0709392921312
93	0.10308904831
94	0.0342911570148
95	0.0712123566673
96	0.112718166164
97	0.0346217088217
98	0.0663834259226
99	0.104253165543
100	0.0348660297225
101	0.0724339611712
102	0.0972972057796
103	0.0322359870847
104	0.0707093430481
105	0.0930862631956
106	0.0344061315563
107	0.0720315502758
108	0.109484507183
109	0.0362026087679
110	0.0674613122495
111	0.0989643366319
112	0.0369499432879
113	0.0723333584474
114	0.0991224266266
115	0.0360876342264
116	0.0727070257074
117	0.0992517729858
118	0.0334719634063
119	0.0726495384366
120	0.113221179783
121	0.0326096543447
122	0.0644719741695
123	0.0946527913241
124	0.030726946227
125	0.069171558555
126	0.101206340192
127	0.0326815134332
128	0.0620862524325
129	0.0904993360109
130	0.0319341789132
131	0.0623018296979
132	0.103419600117
133	0.032034781637
134	0.0616694697194
135	0.100042222959
136	0.0304538816908
137	0.0646588077995
138	0.102183623795
139	0.0313449343878
140	0.0650037314241
141	0.0926982241179
142	0.0298646371654
143	0.0577172198539
144	0.094379726788
145	0.0280394163185
146	0.0587663625455
147	0.0951989203964
148	0.0305688562324
149	0.0691859303727
150	0.121944873123
151	0.0280681599538
152	0.0654636295903
153	0.0908586314533
154	0.0295628289939
155	0.0733681293212
156	0.107558683612
157	0.0351390942587
158	0.071226728485
159	0.0951701767611
160	0.034233669744
161	0.0648456414295
162	0.0984756948304
163	0.0350672351702
164	0.0695308539973
165	0.103405228299
166	0.0313449343878
167	0.061827559714
168	0.0892777315071
169	0.0306838307739
170	0.0641414223625
171	0.0886166278932
172	0.0315030243824
173	0.0623162015155
174	0.106092758208
175	0.0337881433955
176	0.0720028066404
177	0.0965786148949
178	0.0305544844147
179	0.0644863459871
180	0.0919796332333
181	0.0329833216047
182	0.0638108705556
183	0.101910559259
184	0.0295772008116
185	0.0718447166458
186	0.10196804653
187	0.0320060380016
188	0.0686398013003
189	0.0985475539188
190	0.0307844334978
191	0.0671163886249
192	0.103563318294
193	0.030540112597
194	0.0776509309937
195	0.109470135365
196	0.0294765980877
197	0.0771048019213
198	0.110777970775
199	0.0314311652939
200	0.08315533717
201	0.124416825766
202	0.0339031179371
203	0.0708243175896
204	0.107041298175
205	0.0307700616801
206	0.0727788847958
207	0.112344498904
208	0.0291316744631
209	0.0681799031342
210	0.0956013312918
211	0.0321066407255
212	0.0666133750057
213	0.0972684621442
214	0.0299508680716
215	0.0661534768395
216	0.0949258558603
217	0.0294765980877
218	0.0773347510044
219	0.109470135365
220	0.0339893488432
221	0.0727788847958
222	0.103592061929
223	0.0305832280501
224	0.0661103613864
225	0.11261756344
226	0.034794170634
227	0.0710542666727
228	0.105949040031
229	0.032365333444
230	0.0705943685065
231	0.108248530861
232	0.0304682535085
233	0.0678062358742
234	0.100444633854
235	0.0324515643501
236	0.0659378995741
237	0.104454370991
238	0.0300370989777
239	0.0689416094719
240	0.126586970237
241	0.0352971842533
242	0.068467339488
243	0.109153955376
244	0.0364900451218
245	0.0701344703404
246	0.105101102787
247	0.0309712671278
248	0.0712411003027
249	0.101924931077
250	0.0343486442856
251	0.0728938593374
252	0.100918903838
253	0.0317186016478
254	0.0767167628436
255	0.130668566462
256	0.0344348751917
257	0.0846356343923
258	0.128771486527
259	0.0317329734655
260	0.0803528327199
261	0.110519278057
262	0.0356708515133
263	0.0781252009775
264	0.107644914518
265	0.0312730752993
266	0.0715429084743
267	0.112488217081
268	0.0293759953639
269	0.0671738758957
270	0.10327588194
271	0.0317186016478
272	0.0789156509506
273	0.102427944696
274	0.0318335761893
275	0.0751071192621
276	0.115923081509
277	0.0335007070417
278	0.0727501411604
279	0.10140754564
280	0.0318048325539
281	0.0807839872507
282	0.123252708533
283	0.0341618106555
284	0.0785994709614
285	0.107414965435
286	0.0284130835785
287	0.0726064229835
288	0.103045932857
289	0.0301089580662
290	0.0694877385442
291	0.109024609017
292	0.0298071498947
293	0.102600406508
294	0.126931893862
295	0.0356995951487
296	0.0879555242793
297	0.103002817404
298	0.0307988053155
299	0.0703931630588
300	0.120363973176
301	0.0303963944201
302	0.0715141648389
7741
