-102	0.0347554738057
-101	0.0285894226329
-100	0.0304392379847
-99	0.0289503622137
-98	0.026739607281
-97	0.0288300490201
-96	0.0282736004996
-95	0.0269050379222
-94	0.0308302558639
-93	0.0307400209687
-92	0.033146284841
-91	0.0334019503775
-90	0.031356626086
-89	0.0324093665302
-88	0.0307550601179
-87	0.0322740141873
-86	0.0323191316349
-85	0.0331763631394
-84	0.0336124984663
-83	0.0323040924857
-82	0.0332515588855
-81	0.0481252774462
-80	0.037161737678
-79	0.0362443495766
-78	0.0366804849035
-77	0.0336425767647
-76	0.0348156304025
-75	0.0420193828702
-74	0.034334377628
-73	0.034033594644
-72	0.0366804849035
-71	0.031431821832
-70	0.0381242432269
-69	0.0363646627703
-68	0.0350712959389
-67	0.0340787120916
-66	0.0328755801554
-65	0.0344546908216
-64	0.03731212917
-63	0.0363045061734
-62	0.0420645003178
-61	0.0433127497015
-60	0.051614360061
-59	0.0390717096266
-58	0.0449369778154
-57	0.0415531692449
-56	0.0446061165329
-55	0.0494637617251
-54	0.0425457530922
-53	0.0445609990853
-52	0.0513436553754
-51	0.0507571285565
-50	0.0483057472366
-49	0.0488621957571
-48	0.0548778554378
-47	0.050200680036
-46	0.0538852715905
-45	0.0517797907022
-44	0.0487418825634
-43	0.056306574612
-42	0.0487569217126
-41	0.0559456350312
-40	0.0586827601859
-39	0.0581864682623
-38	0.0729549127785
-37	0.0633298572893
-36	0.0632396223941
-35	0.0623974300388
-34	0.0701425918778
-33	0.0719924072296
-32	0.0592542478556
-31	0.0656759645648
-30	0.0762184081554
-29	0.068668755256
-28	0.0667888616058
-27	0.0556147737487
-26	0.0631343483497
-25	0.0707140795475
-24	0.0651345551935
-23	0.0580511159194
-22	0.0702027484746
-21	0.0698869263413
-20	0.0621417645024
-19	0.0609386325662
-18	0.0580661550686
-17	0.0583970163511
-16	0.0555546171519
-15	0.057795450383
-14	0.0654202990284
-13	0.0715111544552
-12	0.0663677654281
-11	0.0663828045773
-10	0.0666083918153
-9	0.0643825977334
-8	0.0725939731977
-7	0.0581263116654
-6	0.0659015518028
-5	0.0677513671547
-4	0.0559757133296
-3	0.0532837056224
-2	0.0525768656099
-1	0.0525618264607
0	0.0443053335489
1	0.101408983069
2	0.355811230968
3	1.27392121145
4	0.211074459049
5	0.215074872737
6	0.459641517058
7	0.104341617163
8	0.161941558606
9	0.55157583613
10	0.137773645839
11	0.170889852381
12	0.567442138538
13	0.0852870151241
14	0.135968947935
15	0.512323656713
16	0.0729549127785
17	0.181191669585
18	0.363872214941
19	0.0805196048271
20	0.128674960572
21	0.364007567283
22	0.0732707349118
23	0.120298154466
24	0.28266080925
25	0.0584120555003
26	0.119350688066
27	0.277983633848
28	0.0557802043899
29	0.0944909744357
30	0.238520906343
31	0.0558704392852
32	0.0988372885551
33	0.227406975082
34	0.0504262672741
35	0.084083883188
36	0.187793856084
37	0.0468168714656
38	0.0819784022997
39	0.171626770692
40	0.0424404790478
41	0.0711953323219
42	0.141924451019
43	0.0352668048785
44	0.060848397671
45	0.138194742016
46	0.0385303002553
47	0.0628034870672
48	0.124824938376
49	0.0341238295392
50	0.063976540705
51	0.125952874566
52	0.0370564636335
53	0.0565472009992
54	0.113289910938
55	0.0321386618445
56	0.0660068258473
57	0.138706073089
58	0.0371767768272
59	0.0687740293004
60	0.120914759583
61	0.0348005912533
62	0.0629388394101
63	0.123305984307
64	0.0339884771964
65	0.0621718428008
66	0.12192238258
67	0.0371316593796
68	0.0659015518028
69	0.13511171643
70	0.0377181861984
71	0.0632245832449
72	0.127862846515
73	0.0348457087009
74	0.0594948742428
75	0.118463378264
76	0.0352968831769
77	0.0589685040208
78	0.108898479371
79	0.0328304627078
80	0.0588632299763
81	0.130148797193
82	0.0351916091325
83	0.0562764963136
84	0.1149592565
85	0.0341238295392
86	0.0556749303455
87	0.123230788561
88	0.0339583988979
89	0.0529678834892
90	0.100416399221
91	0.0301685332991
92	0.0557501260915
93	0.106988507423
94	0.0314167826828
95	0.0541860545745
96	0.125576895836
97	0.0322138575905
98	0.0552989516155
99	0.114869021604
100	0.0319130746065
101	0.0540206239333
102	0.104191225671
103	0.0290706754073
104	0.051614360061
105	0.0982206834378
106	0.0291007537057
107	0.0519452213435
108	0.109409810444
109	0.031055843102
110	0.056005791628
111	0.100687103907
112	0.0323642490825
113	0.0583970163511
114	0.107680308286
115	0.0313716652352
116	0.0572690801609
117	0.112703384119
118	0.0317927614129
119	0.0568931014309
120	0.126358931595
121	0.0317777222637
122	0.0524715915655
123	0.100341203475
124	0.0293113017946
125	0.0542612503205
126	0.104928143982
127	0.0301835724483
128	0.0522460043275
129	0.101318748173
130	0.028002895814
131	0.0520204170895
132	0.117320402924
133	0.0302587681943
134	0.0493284093823
135	0.105123652921
136	0.026363628551
137	0.0481703948938
138	0.112928971357
139	0.0310107256544
140	0.0515542034642
141	0.10533420101
142	0.0288300490201
143	0.046696558272
144	0.109093988311
145	0.0271907817571
146	0.0480049642525
147	0.107951012971
148	0.0264689025954
149	0.0524565524163
150	0.12682514522
151	0.0264087459986
152	0.0511932638834
153	0.0990027191963
154	0.0278976217696
155	0.0549831294822
156	0.117681342505
157	0.0312212737432
158	0.059058738916
159	0.107484799346
160	0.0334169895267
161	0.0526219830575
162	0.108988714266
163	0.0290405971089
164	0.057720254637
165	0.118613769756
166	0.029792554569
167	0.0528325311464
168	0.102867780541
169	0.0281232090076
170	0.0531333141304
171	0.102867780541
172	0.0276269170839
173	0.052802452848
174	0.116989541642
175	0.0299279069118
176	0.0588632299763
177	0.11476374756
178	0.0276269170839
179	0.05012548429
180	0.10891351852
181	0.0288450881693
182	0.0492682527855
183	0.110778373021
184	0.0269952728175
185	0.0563216137612
186	0.115636018214
187	0.0274464472935
188	0.0570585320721
189	0.112748501567
190	0.0291458711533
191	0.0543214069174
192	0.111861191764
193	0.0282736004996
194	0.0588632299763
195	0.121004994479
196	0.0276269170839
197	0.0601265185093
198	0.130073601447
199	0.0285894226329
200	0.0647134590159
201	0.147428779626
202	0.0327101495142
203	0.0576300197418
204	0.122403635354
205	0.0271757426079
206	0.0538702324413
207	0.124659507735
208	0.0269651945191
209	0.0538251149937
210	0.108116443613
211	0.026213237059
212	0.0517797907022
213	0.107680308286
214	0.0268448813254
215	0.053028040086
216	0.106522293797
217	0.0253409664052
218	0.0552237558695
219	0.117470794416
220	0.0289202839153
221	0.0537198409493
222	0.112643227522
223	0.0276720345315
224	0.0529077268924
225	0.129186291645
226	0.0303339639403
227	0.0572239627133
228	0.111018999409
229	0.0287999707217
230	0.0572390018625
231	0.112146935599
232	0.0261681196114
233	0.0569833363261
234	0.114297533935
235	0.0292210668993
236	0.0552237558695
237	0.117230168029
238	0.0257771017321
239	0.0552688733171
240	0.148947733696
241	0.0332515588855
242	0.0561110656724
243	0.122147969818
244	0.029792554569
245	0.057494667399
246	0.11891455274
247	0.0266192940874
248	0.0581112725162
249	0.119200296574
250	0.0288150098709
251	0.0571788452657
252	0.117004580791
253	0.0269952728175
254	0.0546071507522
255	0.14302230891
256	0.0286345400805
257	0.0635704836765
258	0.140871710574
259	0.0266794506842
260	0.0616153942803
261	0.128028277156
262	0.0333568329299
263	0.062111686204
264	0.121561442999
265	0.0270855077127
266	0.0562764963136
267	0.124509116243
268	0.0266343332366
269	0.0538100758445
270	0.109018792565
271	0.026514020043
272	0.0621718428008
273	0.116117270988
274	0.0264839417446
275	0.057870646129
276	0.128253864394
277	0.0274314081443
278	0.0573292367577
279	0.118072360384
280	0.027852504322
281	0.0626230172768
282	0.13775860669
283	0.0294466541374
284	0.0641720496446
285	0.121185464269
286	0.0262433153574
287	0.0546522681998
288	0.114132103293
289	0.0274614864427
290	0.0532235490256
291	0.121396012358
292	0.0257169451353
293	0.0761732907078
294	0.168017374884
295	0.032619914619
296	0.0638111100638
297	0.115290117782
298	0.0267847247286
299	0.0554192648091
300	0.123922589424
301	0.0263335502526
302	0.0541860545745
7741
