-102	0.0430728561544
-101	0.0404036736641
-100	0.0433096384721
-99	0.0474210405338
-98	0.041888944566
-97	0.0399085833635
-96	0.0459788209625
-95	0.0440199854252
-94	0.0409848666257
-93	0.0435248951246
-92	0.0430082791587
-91	0.0400807886854
-90	0.0395856983848
-89	0.0465169625936
-88	0.0423625092014
-87	0.0422979322056
-86	0.0452684740094
-85	0.0434603181288
-84	0.0425992915191
-83	0.0460433979582
-82	0.0454622049966
-81	0.0482174901479
-80	0.0511019292907
-79	0.049896492037
-78	0.0477439255125
-77	0.046990527229
-76	0.0461079749539
-75	0.0459142439667
-74	0.0440415110904
-73	0.0442782934081
-72	0.0475932458558
-71	0.0452899996746
-70	0.0500256460284
-69	0.04884173444
-68	0.044622704052
-67	0.0443643960691
-66	0.0403390966684
-65	0.0458711926362
-64	0.0458066156405
-63	0.0517692249133
-62	0.0542016250859
-61	0.0557299473183
-60	0.0550626516957
-59	0.0571291155592
-58	0.0598628750452
-57	0.0621230698959
-56	0.0633069814844
-55	0.0610683122989
-54	0.0552994340134
-53	0.0583991298086
-52	0.0620154415697
-51	0.0576672571903
-50	0.0640173284374
-49	0.0655456506698
-48	0.063715969124
-47	0.0601642343586
-46	0.0674829605418
-45	0.063715969124
-44	0.065567176335
-43	0.065739381657
-42	0.0652442913564
-41	0.0650505603692
-40	0.0698292580535
-39	0.0752106743646
-38	0.0742420194286
-37	0.0672461782241
-36	0.0739837114457
-35	0.0722831838914
-34	0.0712069006291
-33	0.0734025184841
-32	0.0732518388274
-31	0.072778274192
-30	0.0751245717036
-29	0.082723131535
-28	0.0807427703325
-27	0.0749093150512
-26	0.0774493435501
-25	0.077707651533
-24	0.0722616582261
-23	0.0730796335054
-22	0.0805705650105
-21	0.0857367246692
-20	0.0811302323069
-19	0.0714006316163
-18	0.0698077323882
-17	0.0694417960791
-16	0.0659976896399
-15	0.0656317533308
-14	0.0710346953072
-13	0.0731872618316
-12	0.0730365821749
-11	0.0668587162497
-10	0.0658039586527
-9	0.0682578844906
-8	0.0729074281834
-7	0.0590018484354
-6	0.0686022951345
-5	0.0667295622582
-4	0.057645731525
-3	0.0627257885228
-2	0.0581408218257
-1	0.0511449806212
0	0.0695494244053
1	0.182559166939
2	0.844085911236
3	1.37015164415
4	0.329773191547
5	0.355991451815
6	0.455310871254
7	0.203094651583
8	0.342473334042
9	0.517907505785
10	0.214933767467
11	0.35198767808
12	0.529100851712
13	0.142736686237
14	0.265562132123
15	0.577899534822
16	0.133717432499
17	0.388667411656
18	0.371080943152
19	0.121232546658
20	0.251656552375
21	0.331129308458
22	0.118864723481
23	0.206646386348
24	0.276066656762
25	0.104937618067
26	0.259276637871
27	0.299292849561
28	0.0999436637307
29	0.172140744961
30	0.24905194688
31	0.103624552487
32	0.169256305818
33	0.192869960592
34	0.0721109785694
35	0.176467403675
36	0.193881666858
37	0.10248369223
38	0.164477608134
39	0.199069352182
40	0.0680211021729
41	0.114968578071
42	0.130251800395
43	0.0540724710944
44	0.105949324334
45	0.139572413446
46	0.0563111402799
47	0.100503331027
48	0.138775963832
49	0.0548043437127
50	0.109005968799
51	0.111632099958
52	0.0513387116084
53	0.0905799993493
54	0.100158920383
55	0.0472488352119
56	0.0977910972062
57	0.112191767255
58	0.0512741346126
59	0.0940025801232
60	0.0996638300825
61	0.0477439255125
62	0.0867914822662
63	0.106121529656
64	0.0492722477449
65	0.0955954793513
66	0.11791759421
67	0.0537495861158
68	0.104571681758
69	0.12099576434
70	0.0538141631115
71	0.10868308382
72	0.130940621683
73	0.0562250376189
74	0.0930554508524
75	0.109673264421
76	0.0503485310071
77	0.0888579461297
78	0.105798644677
79	0.0480668104912
80	0.0952941200378
81	0.109070545794
82	0.0453976280009
83	0.0814100659551
84	0.0989750087947
85	0.0492722477449
86	0.0802907313623
87	0.103366244505
88	0.0505853133248
89	0.115033155067
90	0.111718202619
91	0.0427284455105
92	0.0860165583174
93	0.123707998161
94	0.0412001232782
95	0.0772986638933
96	0.0949927607244
97	0.0415660595873
98	0.076825099258
99	0.083691786471
100	0.0378421195
101	0.0861672379741
102	0.0911611923109
103	0.04092028963
104	0.0785686781428
105	0.0892884594346
106	0.0472488352119
107	0.0833904271576
108	0.100675536349
109	0.0440630367557
110	0.0799463207184
111	0.0877170858717
112	0.0435679464551
113	0.0763730602878
114	0.0848111210637
115	0.047614771521
116	0.0904938966883
117	0.107090184592
118	0.043654049116
119	0.0819051562557
120	0.0971238015836
121	0.0396287497153
122	0.0742420194286
123	0.0872435212363
124	0.0376483885128
125	0.0721325042346
126	0.0841868767716
127	0.0395426470543
128	0.0714436829468
129	0.0835411068143
130	0.0405543533208
131	0.081496168616
132	0.0933998614963
133	0.0432450614764
134	0.0744572760811
135	0.0903862683621
136	0.0406404559818
137	0.0832827988313
138	0.100245023044
139	0.04092028963
140	0.0784825754818
141	0.0917423852725
142	0.0421687782142
143	0.0745003274115
144	0.0837994147972
145	0.0383587354659
146	0.0733809928188
147	0.0892023567736
148	0.0393919673976
149	0.0776430745373
150	0.123944780478
151	0.039779429372
152	0.0801185260404
153	0.0826800802045
154	0.0411570719477
155	0.0917639109377
156	0.0909889869889
157	0.0400807886854
158	0.0860596096479
159	0.117788440218
160	0.0501763256852
161	0.079731064066
162	0.0970592245879
163	0.042857599502
164	0.0915056029548
165	0.102160807251
166	0.0408772382995
167	0.0760286496439
168	0.0837133121362
169	0.0372178752079
170	0.074543378742
171	0.0845097617503
172	0.0385094151226
173	0.0790637684434
174	0.0918069622682
175	0.0425777658538
176	0.0786117294733
177	0.0880614965156
178	0.0399301090287
179	0.0744572760811
180	0.0900203320529
181	0.0383802611311
182	0.0728213255225
183	0.0824002465563
184	0.0378421195
185	0.0741128654371
186	0.0832612731661
187	0.0381434788134
188	0.0763945859531
189	0.0918500135987
190	0.0393489160671
191	0.0839716201192
192	0.0966717626135
193	0.0423409835361
194	0.0949066580634
195	0.0929047711957
196	0.0423840348666
197	0.0849402750552
198	0.0967793909397
199	0.0396502753805
200	0.0889225231254
201	0.0871143672449
202	0.0415230082568
203	0.0847895953985
204	0.0882337018376
205	0.0392628134061
206	0.0828307598612
207	0.0921728985774
208	0.0395426470543
209	0.0873942008931
210	0.120479148374
211	0.0376914398433
212	0.078504101147
213	0.092409680895
214	0.0393919673976
215	0.0878031885327
216	0.094691401411
217	0.0431159074849
218	0.0965210829568
219	0.119919481078
220	0.0461940776149
221	0.116583002965
222	0.0959614156604
223	0.0415230082568
224	0.0785256268123
225	0.0985229698245
226	0.0442352420776
227	0.0929047711957
228	0.103516924161
229	0.0412001232782
230	0.0932491818396
231	0.0930123995219
232	0.0385955177836
233	0.082809234196
234	0.0884059071596
235	0.0458281413057
236	0.0815392199465
237	0.0929693481914
238	0.0381865301439
239	0.0814531172856
240	0.121985944941
241	0.0447303323783
242	0.0927756172042
243	0.0920006932554
244	0.0450747430222
245	0.0878677655284
246	0.101019946993
247	0.0444504987301
248	0.0797525897312
249	0.100438754031
250	0.0553855366743
251	0.0886642151425
252	0.106745773948
253	0.0500686973589
254	0.0861672379741
255	0.100869267336
256	0.0383156841354
257	0.0895252417523
258	0.105777119012
259	0.0451823713484
260	0.100610959353
261	0.11307431953
262	0.0446442297173
263	0.0859519813217
264	0.098738226477
265	0.0421903038794
266	0.0792359737654
267	0.0972744812403
268	0.0400592630202
269	0.0964780316263
270	0.115980284338
271	0.0590879510964
272	0.105346605707
273	0.115033155067
274	0.0444720243953
275	0.0922159499078
276	0.0985014441593
277	0.0413292772696
278	0.0816253226075
279	0.0822065155691
280	0.0368088875683
281	0.0792574994306
282	0.0931846048439
283	0.0378851708305
284	0.0974897378928
285	0.090730679006
286	0.0360554892847
287	0.0832612731661
288	0.0820988872429
289	0.03476394937
290	0.0749954177122
291	0.0793866534221
292	0.0336446147773
293	0.0844667104198
294	0.0991256884514
295	0.0405543533208
296	0.0813239632941
297	0.088707266473
298	0.0382080558092
299	0.0769327275842
300	0.0898050754005
301	0.0351083600139
302	0.0785686781428
7741
