-102	0.0382889462847
-101	0.041613695877
-100	0.045677278712
-99	0.0377674169369
-98	0.0329215400802
-97	0.0367895494098
-96	0.040114299002
-95	0.0447863327428
-94	0.0442865337845
-93	0.0412225488661
-92	0.0395058480963
-91	0.0368547405783
-90	0.0367678190203
-89	0.045633817933
-88	0.0366591670728
-87	0.0382237551163
-86	0.0403098725075
-85	0.0428305976885
-84	0.0371589660311
-83	0.0475460922083
-82	0.0643436832855
-81	0.0548475030776
-80	0.0546301991826
-79	0.0497625919364
-78	0.0473939794818
-77	0.0434607789838
-76	0.0417875389929
-75	0.0437650044367
-74	0.040331602897
-73	0.0407879410763
-72	0.0432652054784
-71	0.0406575587393
-70	0.0421786860038
-69	0.044395185732
-68	0.041613695877
-67	0.0410487057502
-66	0.0368112797993
-65	0.0370503140837
-64	0.0438953867736
-63	0.0471549451974
-62	0.053543679708
-61	0.060345291619
-60	0.0496756703785
-59	0.0472201363659
-58	0.0518704397172
-57	0.0556080667098
-56	0.0580636007224
-55	0.0560426744996
-54	0.0500016262209
-53	0.0529569591918
-52	0.0571726547532
-51	0.0528048464653
-50	0.053543679708
-49	0.0594108848709
-48	0.0581505222803
-47	0.0525658121809
-46	0.059106659418
-45	0.0611058552512
-44	0.0743831232308
-43	0.0711887559755
-42	0.0639090754957
-41	0.0672338250879
-40	0.0690809081947
-39	0.0757521377688
-38	0.0755565642633
-37	0.0708410697436
-36	0.084552945513
-35	0.303573541202
-34	0.0855960042086
-33	0.0864652197883
-32	0.0931799101413
-31	0.0756869466003
-30	0.0909199496341
-29	0.481849656593
-28	0.459728120091
-27	0.185208109639
-26	0.305246781193
-25	0.292860459182
-24	0.185077727303
-23	0.205156607193
-22	0.196964250355
-21	0.143550952983
-20	0.178645532013
-19	0.0837706514913
-18	0.0993730711465
-17	0.140378316118
-16	0.114388770285
-15	0.0930929885833
-14	0.0814889605946
-13	0.089768238991
-12	0.0860740727774
-11	0.0730141086928
-10	0.0698632022165
-9	0.0731662214192
-8	0.0782076717813
-7	0.0587589731861
-6	0.0713625990914
-5	0.0715799029863
-4	0.0571291939742
-3	0.057694184101
-2	0.0560861352786
-1	0.0488281851883
0	0.057563801764
1	0.135336865756
2	0.500646443504
3	1.04888244
4	0.240598872454
5	0.249443140978
6	0.402468543779
7	0.163651563263
8	0.259308737807
9	0.48026333816
10	0.167323999088
11	0.270521618785
12	0.541130159127
13	0.126992396191
14	0.279126853023
15	0.749046525786
16	0.215304699086
17	1.3801622278
18	1.26170987468
19	0.347251624081
20	0.680508877328
21	0.495539801973
22	0.183600060817
23	0.240707524402
24	0.667905251423
25	0.312178775441
26	1.20481971499
27	1.36264753387
28	0.351510780421
29	0.235144544692
30	0.624618315555
31	0.177189595917
32	0.265523629202
33	0.289709552706
34	0.0918326259928
35	0.424937766514
36	0.47941585297
37	0.355183216245
38	0.545802192868
39	0.695046507898
40	0.186729236904
41	0.228538506286
42	0.372741370955
43	0.0793593824244
44	0.173039091524
45	0.285841543376
46	0.0717754764917
47	0.105892187994
48	0.17921052214
49	0.0590849290285
50	0.0985907771247
51	0.123667646598
52	0.060345291619
53	0.0977215615451
54	0.107478506427
55	0.05089257219
56	0.116692191572
57	0.158284157059
58	0.0476764745452
59	0.0928539542989
60	0.0876603912103
61	0.0413094704241
62	0.0944185423423
63	0.108651947459
64	0.0566511254054
65	0.128448332287
66	0.222953796187
67	0.054956155025
68	0.171300660365
69	0.203309524086
70	0.0632571638109
71	0.102350134507
72	0.144637472458
73	0.0485239597354
74	0.0975042576502
75	0.128426601897
76	0.0448515239113
77	0.0953094883115
78	0.12229863206
79	0.0413312008136
80	0.115279716255
81	0.108412913175
82	0.0377891473264
83	0.0713408687019
84	0.0822712546163
85	0.0417658086034
86	0.0633006245899
87	0.0849875533028
88	0.054999615804
89	0.159131642249
90	0.188663241569
91	0.0544998168457
92	0.158523191343
93	0.138618154569
94	0.0479372392191
95	0.0693199424792
96	0.0873996265364
97	0.0373980003156
98	0.0611710464197
99	0.0761867455586
100	0.0338994076074
101	0.0799026421617
102	0.0974173360922
103	0.0336386429335
104	0.0597151103237
105	0.0653650115916
106	0.0366591670728
107	0.104457982288
108	0.148940089577
109	0.0441996122265
110	0.0816193429316
111	0.0726229616819
112	0.0324000107324
113	0.0583678261752
114	0.0654084723706
115	0.0412442792556
116	0.0749263829681
117	0.111563819651
118	0.0385714413481
119	0.061801227715
120	0.0788378530766
121	0.03207405489
122	0.0520877436121
123	0.0717320157128
124	0.0299227463303
125	0.0505231555687
126	0.0686680307944
127	0.0275106730967
128	0.0517400573802
129	0.0609537425248
130	0.0293142954246
131	0.0674293985934
132	0.0800112941092
133	0.030922344247
134	0.0555428755413
135	0.0691678297527
136	0.0332474959226
137	0.0894640135381
138	0.0984821251773
139	0.037680495379
140	0.117387564035
141	0.121972676218
142	0.0610841248617
143	0.119017343247
144	0.110368648229
145	0.0500450869998
146	0.0790551569715
147	0.117235451309
148	0.034855544745
149	0.07783825516
150	0.11545355937
151	0.0560426744996
152	0.131077709415
153	0.0888555626324
154	0.0462422688388
155	0.117278912088
156	0.0968306155759
157	0.0476330137662
158	0.140639080792
159	0.336017012713
160	0.23179806471
161	0.158153774722
162	0.155611319151
163	0.0472201363659
164	0.121559798818
165	0.130360606562
166	0.030922344247
167	0.0581287918908
168	0.0638004235482
169	0.0299879374988
170	0.0574768802061
171	0.0697762806585
172	0.028271236729
173	0.0533698365921
174	0.0707106874066
175	0.0325738538484
176	0.0621054531678
177	0.0662559575608
178	0.0290535307507
179	0.0541955913928
180	0.0711018344175
181	0.0311831089209
182	0.0551734589199
183	0.0661907663923
184	0.0277279769917
185	0.052305047507
186	0.0597585711027
187	0.0363984023989
188	0.0628008256316
189	0.158914338354
190	0.0420917644458
191	0.0888990234114
192	0.118213318836
193	0.0426132937936
194	0.0907895672972
195	0.0874430873154
196	0.0579549487749
197	0.0938535522155
198	0.120581931291
199	0.0395493088753
200	0.0950921844166
201	0.073905054662
202	0.0316177167107
203	0.0865738717357
204	0.084422563176
205	0.0424611810672
206	0.0845312151235
207	0.0809674312468
208	0.0358986034406
209	0.0844008327865
210	0.129621773319
211	0.0445038376794
212	0.102676090349
213	0.134402459007
214	0.0435694309313
215	0.109130016028
216	0.100481321011
217	0.0506535379056
218	0.0924410768985
219	0.136618958736
220	0.0446776807953
221	0.118995612858
222	0.0744917751782
223	0.0484804989564
224	0.0657561586025
225	0.174169071778
226	0.0357682211037
227	0.0761215543901
228	0.0815976125421
229	0.0361159073355
230	0.0822712546163
231	0.0781642110024
232	0.0297271728249
233	0.0716016333758
234	0.0905288026233
235	0.0473939794818
236	0.0666253741822
237	0.0779686374969
238	0.0278583593286
239	0.0692764817002
240	0.113280520421
241	0.121603259597
242	0.342449208003
243	0.125275695421
244	0.0440257691106
245	0.0930712581938
246	0.0976781007661
247	0.0478720480507
248	0.0694068640371
249	0.131838273047
250	0.0671251731405
251	0.0949835324691
252	0.133554973817
253	0.077881715939
254	0.13301171408
255	0.128969861634
256	0.0338776772179
257	0.0707106874066
258	0.107674079932
259	0.0605843259034
260	0.0905722634022
261	0.116366235729
262	0.0358986034406
263	0.0763605886745
264	0.0958310176593
265	0.0713625990914
266	0.0688418739103
267	0.145897835049
268	0.0341384418918
269	0.114041084053
270	0.18131836992
271	0.183121992248
272	0.190010525717
273	0.16249985262
274	0.0531090719182
275	0.144311516616
276	0.114084544832
277	0.0353336133138
278	0.0732096821982
279	0.0606060562929
280	0.0254245557055
281	0.0572378459217
282	0.063039859916
283	0.0279452808866
284	0.0628442864106
285	0.0633658157584
286	0.0257070507689
287	0.0741006281674
288	0.0669947908035
289	0.0257070507689
290	0.0565207430684
291	0.0648000214648
292	0.0249247567472
293	0.0558905617732
294	0.0614752718726
295	0.0265328055696
296	0.0546953903511
297	0.0637352323797
298	0.0267066486855
299	0.0589980074705
300	0.0643002225065
301	0.025402825316
302	0.0546084687931
7741
