-102	0.0404386140087
-101	0.0373563536317
-100	0.0411529920649
-99	0.0421242251524
-98	0.0401657055379
-97	0.0418111830829
-96	0.0391061785333
-95	0.0388011631835
-94	0.0367222427729
-93	0.0383115332798
-92	0.0409523240716
-91	0.0368426435689
-90	0.0371075253201
-89	0.0430392712018
-88	0.0378540102551
-87	0.0402539994549
-86	0.0394272473225
-85	0.0399249039459
-84	0.0434004735898
-83	0.0465790546036
-82	0.0466512950812
-81	0.0538111290819
-80	0.0494124866689
-79	0.042437267222
-78	0.043183752157
-77	0.0417951296434
-76	0.0458325696685
-75	0.0462579858143
-74	0.043753649258
-73	0.0404145338496
-72	0.0442753860405
-71	0.0437375958185
-70	0.0440105042894
-69	0.0462579858143
-68	0.0407917896769
-67	0.0428707100875
-66	0.04100048439
-65	0.0423650267444
-64	0.0444921074733
-63	0.0515797009965
-62	0.0495971012227
-61	0.058386359329
-60	0.0639729562623
-59	0.0529602967903
-58	0.0577442217505
-57	0.0560265037279
-56	0.06015223767
-55	0.0595823405691
-54	0.0515154872386
-53	0.0536505946873
-52	0.0606739744526
-51	0.0546699880932
-50	0.0598552490399
-49	0.0648558954328
-48	0.0610913638786
-47	0.0599355162373
-46	0.0641415173767
-45	0.0644465327265
-44	0.0652572314194
-43	0.0651849909418
-42	0.0641254639373
-41	0.0665976936146
-40	0.0730190694001
-39	0.0785013189769
-38	0.0723608783821
-37	0.0742391307993
-36	0.0795528192618
-35	0.0768718948713
-34	0.0726658937319
-33	0.0742551842388
-32	0.0729066953238
-31	0.0723528516623
-30	0.0739822757679
-29	0.108689811888
-28	0.103095188235
-27	0.0875875657133
-26	0.105824272944
-25	0.0950283349046
-24	0.080443785152
-23	0.0728344548462
-22	0.0949239875481
-21	0.090228356505
-20	0.0802993041968
-19	0.0674324724668
-18	0.069190324088
-17	0.0672237777537
-16	0.0667020409712
-15	0.0673923388681
-14	0.0710444963461
-13	0.0759809289811
-12	0.0740625429652
-11	0.0650565634261
-10	0.0614365128271
-9	0.0652251245405
-8	0.0658752888388
-7	0.0545415605775
-6	0.0667742814487
-5	0.0618539022532
-4	0.054975003443
-3	0.0571582712101
-2	0.0539475833173
-1	0.0477991160028
0	0.0711488437026
1	0.254936645401
2	1.21400925255
3	1.79529626881
4	0.380049125861
5	0.399610241847
6	0.475575117389
7	0.192673380442
8	0.307094270218
9	0.433852228223
10	0.177695521422
11	0.294829442468
12	0.403744002509
13	0.13737730821
14	0.242077840391
15	0.431074983196
16	0.124390075684
17	0.415005490293
18	0.331808540273
19	0.115721218373
20	0.252616923399
21	0.309277537986
22	0.0996517254701
23	0.204432524849
24	0.264167373093
25	0.0980463815238
26	0.2609566852
27	0.266968698279
28	0.0871059625294
29	0.155967191108
30	0.21069336624
31	0.0778270745194
32	0.155573881842
33	0.171723641942
34	0.0679782894085
35	0.182752354853
36	0.169139038188
37	0.0910952422361
38	0.186003176345
39	0.190337605
40	0.0615248067442
41	0.107806872718
42	0.111210201884
43	0.0471971120229
44	0.101810913078
45	0.119148627699
46	0.0508572962206
47	0.0904771848167
48	0.107847006316
49	0.0444038135563
50	0.0943380370077
51	0.0935754986332
52	0.0445242143522
53	0.0834136714527
54	0.0895460853278
55	0.0420840915538
56	0.0932464031242
57	0.099595538432
58	0.0462258789354
59	0.0870096418926
60	0.0858457675315
61	0.0434807407871
62	0.0831086561029
63	0.0917373798146
64	0.0468439363547
65	0.0859661683274
66	0.100205569132
67	0.0499101432923
68	0.103271776069
69	0.108055701029
70	0.0489950972428
71	0.103978127406
72	0.108368743099
73	0.0452626725676
74	0.084962828361
75	0.0872504434845
76	0.0411931256635
77	0.0811661899278
78	0.0826511330782
79	0.0431516452781
80	0.082418358206
81	0.0829481217083
82	0.0405349346455
83	0.0747849477411
84	0.0789508152819
85	0.0390580182149
86	0.075386951721
87	0.0831648431411
88	0.0410968050268
89	0.0806043195466
90	0.0811100028897
91	0.0370272581227
92	0.0749454821357
93	0.0910310284782
94	0.0365536816586
95	0.07362107338
96	0.0827233735558
97	0.0376132086632
98	0.0706913206779
99	0.0711006833842
100	0.0356145554499
101	0.0784772388177
102	0.077899314997
103	0.0360961586339
104	0.0710926566644
105	0.075266550925
106	0.0392586862082
107	0.0746404667859
108	0.0866644929441
109	0.0396680489145
110	0.074576253028
111	0.0742150506401
112	0.036690135894
113	0.0693267783235
114	0.0706913206779
115	0.0493081393124
116	0.0863755310338
117	0.0936798459897
118	0.0387289227059
119	0.0788946282437
120	0.0824584918047
121	0.0360078647168
122	0.07152609953
123	0.074696653824
124	0.0353015133804
125	0.0673602319892
126	0.069102030171
127	0.0356306088894
128	0.069310724884
129	0.0743595315953
130	0.0383596935982
131	0.0798016475734
132	0.0856932598566
133	0.0376051819434
134	0.0717829545614
135	0.0779233951562
136	0.0369951512438
137	0.0851956032332
138	0.09157684542
139	0.0380305980892
140	0.0831086561029
141	0.0844009579798
142	0.0374125406699
143	0.0701053701374
144	0.0791996435936
145	0.0348439903557
146	0.0727381342095
147	0.0841119960694
148	0.0389456441386
149	0.0808049875399
150	0.108071754469
151	0.0385603615915
152	0.0793682047079
153	0.0776103530867
154	0.0399329306656
155	0.094538705001
156	0.0880129818591
157	0.0407516560783
158	0.0996918590688
159	0.143124439538
160	0.05686128258
161	0.0837989539999
162	0.0852999505897
163	0.0404065071298
164	0.0933025901623
165	0.0919300210882
166	0.0414018203766
167	0.0771849369409
168	0.0751622035685
169	0.0360640517549
170	0.0783568380217
171	0.0808852547372
172	0.0374285941093
173	0.0773534980552
174	0.0859180080091
175	0.0425656947377
176	0.0816959534301
177	0.0818083275064
178	0.0378700636946
179	0.0770805895844
180	0.0851634963543
181	0.0376934758605
182	0.0761494900955
183	0.0768799215911
184	0.0351891393042
185	0.0754030051604
186	0.0777708874813
187	0.038126918726
188	0.077241123979
189	0.082988255307
190	0.0376292621026
191	0.0828196941926
192	0.088045088738
193	0.0417630227645
194	0.091665139337
195	0.0839594883945
196	0.040550988085
197	0.087595592433
198	0.0932303496847
199	0.0421884389103
200	0.0902845435432
201	0.0848344008453
202	0.0412573394214
203	0.0888718408704
204	0.0823380910087
205	0.0396439687553
206	0.0907260131284
207	0.0868812143769
208	0.0384319340758
209	0.0906858795297
210	0.10385772661
211	0.0369790978043
212	0.0792397771922
213	0.0823701978876
214	0.0392907930871
215	0.0886711728771
216	0.0904450779378
217	0.0405108544863
218	0.0967059193286
219	0.110174755039
220	0.0413937936568
221	0.114669718088
222	0.0919380478079
223	0.0421563320314
224	0.0805240523493
225	0.0970912018757
226	0.0423730534641
227	0.0915688187002
228	0.0933186436018
229	0.0398847703473
230	0.09486780051
231	0.0886230125587
232	0.0395155412396
233	0.0874190045989
234	0.0855969392198
235	0.0483047993459
236	0.0833815645738
237	0.0888638141506
238	0.0408399499953
239	0.0928290136981
240	0.128178687397
241	0.0441469585248
242	0.0920664753236
243	0.086070515684
244	0.0419717174775
245	0.0847461069282
246	0.0893133104556
247	0.0379984912103
248	0.0840718624707
249	0.0971794957928
250	0.0569174696181
251	0.0951407089809
252	0.110543984146
253	0.0580893706989
254	0.0895862189265
255	0.0929654679336
256	0.0377255827394
257	0.0927888800995
258	0.101714592441
259	0.041779076204
260	0.09576679312
261	0.0961199687882
262	0.0423409465852
263	0.0904129710589
264	0.0945948920391
265	0.0455676879174
266	0.0852277101121
267	0.0934711512767
268	0.0422687061076
269	0.106594838038
270	0.120232234862
271	0.0714538590524
272	0.116307168914
273	0.118081073974
274	0.0440024775697
275	0.097291869869
276	0.0941132888552
277	0.0410325912689
278	0.0834698584909
279	0.0780999829903
280	0.0368346168492
281	0.0844651717376
282	0.0888638141506
283	0.0369469909254
284	0.0951246555414
285	0.0816237129526
286	0.0365456549388
287	0.0890725088637
288	0.0790872695173
289	0.0355021813737
290	0.0808852547372
291	0.07391806201
292	0.0339851313444
293	0.0862711836773
294	0.0860464355248
295	0.0381590256049
296	0.0821615031746
297	0.0823220375692
298	0.0354379676158
299	0.080235090439
300	0.0854604849843
301	0.0357108760867
302	0.0827073201163
7741
