-102	0.0337725468424
-101	0.030034242225
-100	0.0324625426603
-99	0.0355458451865
-98	0.0354340155612
-97	0.0417284258999
-96	0.0352742589537
-95	0.0341080357183
-94	0.0310407088528
-93	0.0315679056578
-92	0.0340441330753
-91	0.0311205871566
-90	0.0330855934298
-89	0.0352263319714
-88	0.030960830549
-87	0.0339642547715
-86	0.031887418873
-85	0.0335808389133
-84	0.0366641414396
-83	0.0365523118143
-82	0.0393640281077
-81	0.0499878425118
-80	0.0461217326083
-79	0.0347790134702
-78	0.0359612123663
-77	0.034395597612
-76	0.0369836546548
-75	0.0400350058595
-74	0.0353381615967
-73	0.0322868103919
-72	0.0366960927611
-71	0.0342518166651
-70	0.0392362228216
-69	0.039939151895
-68	0.0331654717336
-67	0.0331175447513
-66	0.0327341288931
-65	0.03287790984
-64	0.0357695044372
-63	0.0397314683051
-62	0.0410095211658
-61	0.0471441748969
-60	0.058886285554
-59	0.0436135538693
-58	0.0458980733577
-57	0.0481825928461
-56	0.0531030963596
-55	0.0512339440509
-54	0.0437094078339
-53	0.0443005072819
-52	0.0529593154128
-51	0.0503073557269
-50	0.0466968563956
-49	0.0527516318229
-48	0.0518569948205
-47	0.0508026012104
-46	0.0573366464605
-45	0.0580555511946
-44	0.0572248168352
-43	0.0576401840149
-42	0.0571928655136
-41	0.0554195671695
-40	0.0612187320247
-39	0.0665546027178
-38	0.0643180102117
-37	0.0619536124195
-36	0.0754370700993
-35	0.0877862558652
-34	0.0639825213358
-33	0.0636630081206
-32	0.0650369149458
-31	0.0608992188095
-30	0.0621772716701
-29	0.107132781043
-28	0.113507069686
-27	0.0765713420131
-26	0.101445445813
-25	0.086348446397
-24	0.0766671959776
-23	0.0676249719886
-22	0.0839840486048
-21	0.082386482529
-20	0.0696538809049
-19	0.0570171332453
-18	0.0590300665008
-17	0.0599726304855
-16	0.0587265289464
-15	0.062848249422
-14	0.065819722323
-13	0.0748779219727
-12	0.0698775401555
-11	0.0614743425968
-10	0.0584070157312
-9	0.0591099448046
-8	0.0613465373107
-7	0.0488216192764
-6	0.05585091001
-5	0.05901409084
-4	0.0513297980155
-3	0.0526238265368
-2	0.047990884917
-1	0.0447797771047
0	0.0521285810534
1	0.151161702092
2	0.666568469467
3	1.35368163867
4	0.262448154932
5	0.290884831082
6	0.423051472533
7	0.141576305637
8	0.252399464316
9	0.455386209907
10	0.1437489955
11	0.24679200739
12	0.454795110459
13	0.123332101052
14	0.196181114108
15	0.49570877766
16	0.0904062642295
17	0.325008842461
18	0.349499530403
19	0.0918760250193
20	0.204584311667
21	0.332118011498
22	0.0820829449746
23	0.166833825296
24	0.288999703112
25	0.0846230750351
26	0.221422658106
27	0.28136333727
28	0.0726732807881
29	0.13045724575
30	0.215064345124
31	0.0636949594421
32	0.130505172732
33	0.181691189801
34	0.0521765080356
35	0.140442033724
36	0.195254525784
37	0.0944481064013
38	0.203050648234
39	0.276251125827
40	0.0578638432655
41	0.096445063996
42	0.139914836919
43	0.0400829328418
44	0.0897991891207
45	0.131863103897
46	0.0408178132367
47	0.0784724456433
48	0.122693074621
49	0.0422396470441
50	0.0837923406757
51	0.104384967393
52	0.0398912249127
53	0.0774819546763
54	0.102659596031
55	0.0369996303155
56	0.0804534275773
57	0.110919012643
58	0.0401308598241
59	0.0762518287979
60	0.095917867191
61	0.0366960927611
62	0.0710757147123
63	0.0979148247858
64	0.0350985266853
65	0.0720502300186
66	0.106238144041
67	0.0392202471609
68	0.0978509221427
69	0.127901140029
70	0.0446519718186
71	0.0916204144471
72	0.121111484206
73	0.0379741456218
74	0.0715709601958
75	0.0993845855755
76	0.0345074272373
77	0.0680083878468
78	0.0943522524367
79	0.0357535287764
80	0.0756607293499
81	0.0950711571709
82	0.0342038896829
83	0.065883624966
84	0.0870833267919
85	0.0326222992678
86	0.0660753328951
87	0.0992088533072
88	0.0354020642397
89	0.0676089963279
90	0.0892240653334
91	0.0322548590704
92	0.0666983836646
93	0.10917766562
94	0.0323027860527
95	0.0666025297001
96	0.0938410312925
97	0.0329897394653
98	0.0643339858725
99	0.0847508803212
100	0.0306253416731
101	0.0711396173554
102	0.0880738177588
103	0.0315998569793
104	0.063902643032
105	0.0876105235969
106	0.0331974230551
107	0.0666344810216
108	0.101477397135
109	0.0323347373742
110	0.0638866673712
111	0.0847349046604
112	0.0327021775716
113	0.0598448251995
114	0.0813480645797
115	0.0359452367055
116	0.0725774268236
117	0.10243593678
118	0.0328619341792
119	0.0658037466622
120	0.0933298101482
121	0.029379240134
122	0.0647972800344
123	0.0866360082906
124	0.0289319216327
125	0.0601164114324
126	0.0832970951922
127	0.0296508263668
128	0.0632636166017
129	0.0893039436372
130	0.0334370579665
131	0.0720023030363
132	0.102340082816
133	0.0319832728375
134	0.0683438767227
135	0.0899269944068
136	0.0323986400172
137	0.0792552530204
138	0.115008781797
139	0.0340441330753
140	0.0761399991726
141	0.0960616481378
142	0.0328299828577
143	0.0667782619684
144	0.0922594408774
145	0.0309768062098
146	0.0668421646115
147	0.0993206829325
148	0.0317116866046
149	0.0704846152643
150	0.1188748917
151	0.0326542505894
152	0.0686793655986
153	0.0905660208371
154	0.0319033945337
155	0.0807569651317
156	0.0992088533072
157	0.0329897394653
158	0.0798942794508
159	0.135473603228
160	0.043965018406
161	0.0752613378309
162	0.0997680014337
163	0.0336926685386
164	0.082450385172
165	0.109257543924
166	0.037958169961
167	0.0724496215375
168	0.0940806662039
169	0.0302738771364
170	0.0711236416946
171	0.0959338428518
172	0.0311365628173
173	0.0729608426818
174	0.10411338116
175	0.0346352325233
176	0.0782487863927
177	0.0979308004465
178	0.030497536387
179	0.0719703517148
180	0.106126314415
181	0.0324465669995
182	0.0691266840999
183	0.0961575021024
184	0.0295869237238
185	0.0724655971983
186	0.0968923824973
187	0.0332133987159
188	0.0716188871781
189	0.102483863763
190	0.0328619341792
191	0.0771304901396
192	0.105934606486
193	0.0337725468424
194	0.082849776691
195	0.108938030709
196	0.0365363361535
197	0.0859969818603
198	0.11654244523
199	0.0316477839616
200	0.0907257774447
201	0.107739856152
202	0.0358653584017
203	0.0884891849386
204	0.10115788392
205	0.0351304780068
206	0.0892879679765
207	0.107308513311
208	0.0339163277892
209	0.0869555215058
210	0.146528760472
211	0.0336287658956
212	0.0766512203169
213	0.108219125975
214	0.033532911931
215	0.0824663608328
216	0.113299386096
217	0.0358014557587
218	0.0917641953939
219	0.141720086584
220	0.0390764662141
221	0.0940007879001
222	0.109465227514
223	0.0327341288931
224	0.0722099866262
225	0.114944879154
226	0.03604109067
227	0.084367464463
228	0.110567548106
229	0.0328299828577
230	0.086875643202
231	0.108874128066
232	0.0331494960728
233	0.0807569651317
234	0.103650086998
235	0.0423514766695
236	0.0792073260382
237	0.112372797772
238	0.0338044981639
239	0.0848147829642
240	0.166146871883
241	0.0392841498039
242	0.0840639269086
243	0.104480821357
244	0.0339163277892
245	0.081859285724
246	0.107164732365
247	0.0311685141389
248	0.0801339143621
249	0.133604450919
250	0.0441407506744
251	0.0973237253377
252	0.152823170811
253	0.0480228362385
254	0.0865241786653
255	0.120312701168
256	0.0326862019109
257	0.0811883079722
258	0.128412361173
259	0.0358653584017
260	0.0883613796525
261	0.119657699077
262	0.0362327985991
263	0.0821947745999
264	0.112532554379
265	0.0381019509078
266	0.0823545312075
267	0.112165114182
268	0.0332932770197
269	0.112868043255
270	0.144931194397
271	0.0556112750986
272	0.109768765068
273	0.136847510053
274	0.0367919467257
275	0.0931061508976
276	0.116430615604
277	0.0355458451865
278	0.0834249004783
279	0.101573251099
280	0.0328140071969
281	0.082977581977
282	0.116654274855
283	0.031488027354
284	0.0888885764575
285	0.0990331210388
286	0.0306732686554
287	0.0831533142454
288	0.10095020033
289	0.0288999703112
290	0.0761879261549
291	0.0995603178438
292	0.0281650899164
293	0.0783765916787
294	0.108985957691
295	0.0329737638045
296	0.0810285513646
297	0.10200459394
298	0.0302898527972
299	0.0752293865094
300	0.10748424558
301	0.032542420964
302	0.0755808510461
7741
