-34	0.127308347027
-33	0.132052757475
-32	0.134424962699
-31	0.131629149399
-30	0.13755966246
-29	0.131544427784
-28	0.167409911529
-27	0.162721982158
-26	0.137785586767
-25	0.130358325172
-24	0.135498103158
-23	0.12620696603
-22	0.124766698572
-21	0.150013739886
-20	0.155690088101
-19	0.195029158067
-18	0.157497482557
-17	0.173481627282
-16	0.182349156334
-15	0.20440501681
-14	0.211126264945
-13	0.237474687256
-12	0.410928073999
-11	0.253825958979
-10	0.97839345225
-9	0.849729559381
-8	0.489267327471
-7	0.388618048677
-6	0.367465885429
-5	0.278649392217
-4	0.242501503088
-3	0.228014106898
-2	0.211069783868
-1	0.17559966766
0	0.854699894136
1	2.03540856336
2	0.89564867479
3	1.00248263149
4	1.04583185791
5	2.22286925714
6	2.25554356005
7	0.981161025012
8	3.05706652041
9	1.57810952533
10	1.17387445893
11	0.849475394536
12	1.48703378905
13	1.00075995865
14	0.472718371979
15	0.36359693167
16	0.328070334386
17	0.259361104502
18	0.269951306395
19	0.316491713649
20	0.239225600635
21	0.333774923139
22	0.437050572002
23	0.376615819865
24	0.30234320392
25	0.269584179396
26	0.289691442724
27	0.236825154873
28	0.2024846602
29	0.271589257621
30	0.361535372369
31	0.232560833577
32	0.187940782933
33	0.214797534935
34	0.215249383549
35	0.219287780538
36	0.302230241766
37	0.174583008279
38	0.201778646741
39	0.228607158204
40	0.176079756813
41	0.159926168858
42	0.151595210035
43	0.16356919831
44	0.178677886344
45	0.190680115156
46	0.256452329048
47	0.320445389022
48	0.226347915133
49	0.224003950447
50	0.321659732173
51	0.263851350105
52	0.26410551495
53	0.563765867723
54	0.356141429538
55	0.232024263348
56	0.166308530533
57	0.162467817313
58	0.17559966766
59	0.165602517073
60	0.167664076375
61	0.148912358889
62	0.163484476694
63	0.291018748028
64	0.280230862366
65	0.262128677263
66	0.275317008688
67	0.211973481097
68	0.22866363928
69	0.219118337307
70	0.309911668206
71	0.285455361967
72	0.226997447516
73	0.304856611836
74	0.172719132745
75	0.211549873021
76	0.171730713902
77	0.179609824111
78	0.220106756151
79	0.163682160463
80	0.457327278561
81	0.226856244824
82	0.202202254816
83	0.265715225638
84	0.383930119306
85	0.255520391282
86	0.215785953778
87	0.222168315453
88	0.207454994955
89	0.292007166872
90	0.6678604922
91	0.370459382497
92	0.21383735663
93	0.142162870216
94	0.154927593565
95	0.157723406864
96	0.146398950973
97	0.136910130077
98	0.145608215898
99	0.149279485888
100	0.137785586767
7741
