-34	0.0962693317277
-33	0.112708286648
-32	0.100423003525
-31	0.0967326258897
-30	0.0992727559502
-29	0.0994325125578
-28	0.112580481362
-27	0.13088858859
-26	0.107340464633
-25	0.107659977848
-24	0.110184132248
-23	0.10622216838
-22	0.10138154317
-21	0.127885164368
-20	0.148397912781
-19	0.152519633257
-18	0.140969230529
-17	0.149755843945
-16	0.159996242491
-15	0.172920552045
-14	0.173831164708
-13	0.192826225349
-12	0.2272058473
-11	0.189599141876
-10	0.282817122399
-9	0.264365234223
-8	0.228276216571
-7	0.209057496679
-6	0.177729225933
-5	0.203545893718
-4	0.189758898484
-3	0.169278101392
-2	0.166194798865
-1	0.145394488559
0	0.869858752612
1	1.90701462468
2	0.817027242486
3	0.845927212797
4	0.774308325619
5	0.91112388435
6	0.645959867089
7	0.581034781768
8	0.595045436253
9	0.484493863808
10	0.409264477298
11	0.37430973156
12	0.49275328042
13	0.430560033089
14	0.269796958881
15	0.251153362777
16	0.248725062341
17	0.221758146982
18	0.220112653924
19	0.227301701265
20	0.203689674664
21	0.20506358149
22	0.243309313344
23	0.264173526294
24	0.230656590024
25	0.20190040066
26	0.205766510563
27	0.19515867182
28	0.185780958955
29	0.202219913875
30	0.188177308068
31	0.208082981373
32	0.19116475663
33	0.18651583935
34	0.18357631777
35	0.187442427674
36	0.19769880188
37	0.177281907432
38	0.189870728109
39	0.201101617622
40	0.187506330317
41	0.175684341356
42	0.176211538161
43	0.19474330464
44	0.202667232376
45	0.201580887444
46	0.225192914045
47	0.195669892964
48	0.190078411699
49	0.201516984801
50	0.220208507888
51	0.203226380503
52	0.212092872223
53	0.254699959465
54	0.215911055144
55	0.219665335422
56	0.195478185035
57	0.200031248351
58	0.216997400076
59	0.200398688548
60	0.207699565515
61	0.198210023024
62	0.201724668391
63	0.212476288081
64	0.22255693002
65	0.231471348723
66	0.238916006636
67	0.232094399492
68	0.225576329903
69	0.228180362607
70	0.256808746685
71	0.224218398739
72	0.240865037248
73	0.274797340698
74	0.214409343033
75	0.235353434287
76	0.230273174166
77	0.22278058927
78	0.225208889706
79	0.2309920789
80	0.289494948596
81	0.220256434871
82	0.218467160866
83	0.275068926931
84	0.287370185715
85	0.234187211052
86	0.252639099227
87	0.238085272276
88	0.232989036495
89	0.258326434457
90	0.310311234563
91	0.266745607676
92	0.235401361269
93	0.217364840273
94	0.237030878666
95	0.21285970394
96	0.206038096796
97	0.206101999439
98	0.22298827286
99	0.207523833246
100	0.21560751759
7741
