-34	0.0797987379007
-33	0.0745523225456
-32	0.0742862000276
-31	0.0850261445045
-30	0.0774036352386
-29	0.0824409543295
-28	0.0830302256194
-27	0.104415070817
-26	0.0881055622129
-25	0.0963743690225
-24	0.0966214827893
-23	0.0946635814068
-22	0.0883716847309
-21	0.108178803571
-20	0.114907901527
-19	0.114641779009
-18	0.120705570669
-17	0.130799217602
-16	0.130989305115
-15	0.139505225692
-14	0.140626742018
-13	0.175621853136
-12	0.170603542796
-11	0.178473165829
-10	0.188414742752
-9	0.186818007644
-8	0.181096373506
-7	0.173093689215
-6	0.164786864903
-5	0.182864187376
-4	0.181666636045
-3	0.176249141928
-2	0.181248443517
-1	0.143972282244
0	0.589461377394
1	1.3697326002
2	0.728491384304
3	0.823820272006
4	0.705947005278
5	0.687261402763
6	0.520668706488
7	0.529564802091
8	0.445603147658
9	0.411406404094
10	0.374358347836
11	0.347556008522
12	0.310774074783
13	0.298000193918
14	0.236963093537
15	0.229777785551
16	0.214456732014
17	0.213221163181
18	0.209951657959
19	0.233541518306
20	0.208050782831
21	0.21247982188
22	0.222326355047
23	0.23300927327
24	0.213183145678
25	0.205902793935
26	0.193623140604
27	0.211035156783
28	0.200143142296
29	0.217688219733
30	0.18957427658
31	0.19784308339
32	0.21394349573
33	0.210312824234
34	0.193166930573
35	0.185753517572
36	0.208050782831
37	0.1965124708
38	0.205750723925
39	0.203792822543
40	0.210712008011
41	0.19356611435
42	0.189061040296
43	0.193699175609
44	0.210540929249
45	0.195219875712
46	0.211187226793
47	0.195086814453
48	0.193052878066
49	0.20198699117
50	0.207727634059
51	0.202120052429
52	0.212555856886
53	0.203241568755
54	0.213639355709
55	0.213620346958
56	0.204838303863
57	0.202785358724
58	0.225101632735
59	0.213411250694
60	0.206682152738
61	0.217270027205
62	0.220482506172
63	0.21660472091
64	0.2305001181
65	0.23610769973
66	0.250383271946
67	0.261503391448
68	0.240878896302
69	0.230024899318
70	0.219475042354
71	0.215464195832
72	0.216129502127
73	0.228504199215
74	0.226641341589
75	0.245631084124
76	0.239130091184
77	0.229587698038
78	0.230728223116
79	0.240422686272
80	0.269582110745
81	0.242779771431
82	0.232191896965
83	0.230176969328
84	0.229226531764
85	0.260990155164
86	0.254166013452
87	0.251542805774
88	0.239453239956
89	0.223276792611
90	0.230709214364
91	0.224645422704
92	0.229853820556
93	0.230519126851
94	0.24424344528
95	0.220767637441
96	0.205047400127
97	0.232724142001
98	0.265419194213
99	0.222022215026
100	0.234035745839
7741
