-102	0.0192277560109
-101	0.0201290570739
-100	0.0168993949314
-99	0.0184015633698
-98	0.0158478770246
-97	0.0164487443999
-96	0.0196032981205
-95	0.0162985275561
-94	0.0234338276383
-93	0.0199037318081
-92	0.0171998286191
-91	0.0223823097314
-90	0.0210303581369
-89	0.0211054665588
-88	0.0281656582191
-87	0.0226076349972
-86	0.0206548160273
-85	0.0235840444821
-84	0.0301935856108
-83	0.0234338276383
-82	0.0241849118574
-81	0.0220067676218
-80	0.0171998286191
-79	0.0223823097314
-78	0.0277901161095
-77	0.0238093697478
-76	0.0238844781698
-75	0.027264357156
-74	0.0288416340163
-73	0.024560453967
-72	0.0247106708109
-71	0.0237342613259
-70	0.0328974887999
-69	0.02546175503
-68	0.0270390318903
-67	0.0244102371232
-66	0.0217063339342
-65	0.0196032981205
-64	0.0260626224054
-63	0.0207299244492
-62	0.0222320928876
-61	0.0224574181533
-60	0.0415349573204
-59	0.0208050328711
-58	0.027339465578
-57	0.0286163087506
-56	0.031845970893
-55	0.0575330511888
-54	0.0319961877369
-53	0.0244853455451
-52	0.0295927182355
-51	0.0283158750629
-50	0.0253115381862
-49	0.0288416340163
-48	0.0353760667231
-47	0.0473934142299
-46	0.0377795362245
-45	0.027264357156
-44	0.0334232477533
-43	0.0316206456273
-42	0.0283909834848
-41	0.0294425013917
-40	0.0267385982026
-39	0.031845970893
-38	0.032747271956
-37	0.0313202119396
-36	0.0322966214245
-35	0.0313953203615
-34	0.0386808372875
-33	0.0277901161095
-32	0.0277150076876
-31	0.0252364297643
-30	0.0292171761259
-29	0.0294425013917
-28	0.0248608876547
-27	0.0295927182355
-26	0.033648573019
-25	0.0289918508602
-24	0.0350756330355
-23	0.0252364297643
-22	0.0284660919067
-21	0.0237342613259
-20	0.0247857792328
-19	0.0278652245314
-18	0.02546175503
-17	0.0260626224054
-16	0.0268137066245
-15	0.0365778014738
-14	0.0377795362245
-13	0.0392817046628
-12	0.034624982504
-11	0.0322215130026
-10	0.0397323551944
-9	0.0320712961588
-8	0.0397323551944
-7	0.0326721635341
-6	0.0368782351615
-5	0.0302686940327
-4	0.0261377308273
-3	0.0292922845478
-2	0.0247106708109
-1	0.0253115381862
0	0.024560453967
1	0.0594107617367
2	0.167491780876
3	0.53702521671
4	0.0817179630462
5	0.0971151895393
6	0.159455179731
7	0.0419856078519
8	0.0705268081805
9	0.192803319062
10	0.0460414626354
11	0.0869004441585
12	0.231258831084
13	0.0395821383505
14	0.0592605448929
15	0.165764287172
16	0.0274896824218
17	0.0661705197093
18	0.117845113989
19	0.032747271956
20	0.0541531722025
21	0.11318839183
22	0.0332730309094
23	0.0490457995121
24	0.107480151764
25	0.0235840444821
26	0.0525758953422
27	0.105602441216
28	0.027264357156
29	0.0436379931341
30	0.0825441556873
31	0.0201290570739
32	0.0406336562574
33	0.0844218662353
34	0.0202792739177
35	0.0412345236327
36	0.08735109469
37	0.0205797076054
38	0.0349254161916
39	0.0703014829148
40	0.0205045991835
41	0.0298180435012
42	0.0595609785806
43	0.0162234191342
44	0.0269639234684
45	0.0601618459559
46	0.016373635978
47	0.0298931519232
48	0.0616640143943
49	0.0160732022903
50	0.0289918508602
51	0.0497968837313
52	0.0162234191342
53	0.0258372971396
54	0.0466423300108
55	0.0148714675397
56	0.0289167424382
57	0.0576081596107
58	0.0159980938684
59	0.0289167424382
60	0.0580588101422
61	0.0166740696657
62	0.0249359960766
63	0.0488204742464
64	0.0167491780876
65	0.027264357156
66	0.0506981847943
67	0.0168242865095
68	0.0269639234684
69	0.0503977511066
70	0.0152470096493
71	0.0299682603451
72	0.0489706910902
73	0.0158478770246
74	0.0268137066245
75	0.0536274132491
76	0.0149465759616
77	0.0259124055615
78	0.0547540395778
79	0.0162234191342
80	0.0240346950136
81	0.052801220608
82	0.0151719012273
83	0.0195281896985
84	0.0475436310738
85	0.0135195159451
86	0.0277150076876
87	0.0586596775176
88	0.019077539167
89	0.0241849118574
90	0.0468676552765
91	0.0120173475068
92	0.0247857792328
93	0.0461165710573
94	0.0147963591177
95	0.0203543823396
96	0.0508484016381
97	0.0134444075232
98	0.0287665255944
99	0.056481533282
100	0.0171247201972
101	0.0228329602629
102	0.0440886436656
103	0.0140452748986
104	0.0238093697478
105	0.0413096320546
106	0.0124679980383
107	0.0226827434191
108	0.049120907934
109	0.014571033852
110	0.0213307918246
111	0.0440886436656
112	0.014571033852
113	0.0232085023725
114	0.0433375594464
115	0.0120924559287
116	0.0238093697478
117	0.0445392941971
118	0.0146461422739
119	0.0262128392492
120	0.0546789311559
121	0.0135195159451
122	0.0232085023725
123	0.0440135352436
124	0.0134444075232
125	0.020955249715
126	0.0485951489806
127	0.0142706001643
128	0.0238844781698
129	0.0384555120218
130	0.011792022241
131	0.0206548160273
132	0.043713101556
133	0.0142706001643
134	0.0240346950136
135	0.0511488353258
136	0.0162985275561
137	0.0233587192163
138	0.0423611499615
139	0.0138199496328
140	0.020955249715
141	0.0471680889642
142	0.0142706001643
143	0.023659152904
144	0.048219606871
145	0.0153972264931
146	0.0265883813588
147	0.0544536058902
148	0.0144208170082
149	0.0281656582191
150	0.0559557743285
151	0.0107405043342
152	0.0265132729369
153	0.0504728595286
154	0.0119422390849
155	0.0294425013917
156	0.0518248111231
157	0.0135195159451
158	0.0235089360602
159	0.0479191731834
160	0.0168242865095
161	0.021856550778
162	0.0439384268217
163	0.0137448412109
164	0.03094466983
165	0.0638421586299
166	0.0169745033534
167	0.0246355623889
168	0.0476187394957
169	0.0123177811945
170	0.0265132729369
171	0.0495715584655
172	0.0141203833205
173	0.0283158750629
174	0.0624150986134
175	0.0156225517588
176	0.0332730309094
177	0.062790640723
178	0.0165238528218
179	0.0280154413752
180	0.0540780637806
181	0.0165989612438
182	0.030043368767
183	0.0633915080984
184	0.0166740696657
185	0.026438164515
186	0.0572326175011
187	0.0125431064602
188	0.0252364297643
189	0.0531767627176
190	0.0182513465259
191	0.0299682603451
192	0.0568570753915
193	0.0153221180712
194	0.026363056093
195	0.0581339185641
196	0.0162985275561
197	0.0279403329533
198	0.0555802322189
199	0.0138199496328
200	0.0234338276383
201	0.0522754616546
202	0.0167491780876
203	0.0249359960766
204	0.0479191731834
205	0.0132941906794
206	0.021856550778
207	0.0532518711395
208	0.0116418053972
209	0.0257621887177
210	0.0468676552765
211	0.0111911548657
212	0.0246355623889
213	0.0461165710573
214	0.0129186485698
215	0.0244102371232
216	0.0507732932162
217	0.0128435401479
218	0.0283158750629
219	0.0569321838135
220	0.0130688654136
221	0.0279403329533
222	0.0470178721203
223	0.0125431064602
224	0.0275647908437
225	0.0588850027833
226	0.0139701664767
227	0.0289167424382
228	0.0534771964053
229	0.0159229854465
230	0.0274145739999
231	0.0529514374518
232	0.0152470096493
233	0.0223823097314
234	0.052801220608
235	0.0128435401479
236	0.0247857792328
237	0.0727049524161
238	0.0137448412109
239	0.0298180435012
240	0.0605373880655
241	0.0121675643506
242	0.0269639234684
243	0.0566317501258
244	0.0126182148821
245	0.0250111044985
246	0.0493462331998
247	0.0110409380219
248	0.0258372971396
249	0.0464921131669
250	0.0120173475068
251	0.0241849118574
252	0.0519750279669
253	0.0130688654136
254	0.0249359960766
255	0.050097317419
256	0.0115666969753
257	0.0241849118574
258	0.0507732932162
259	0.0129937569917
260	0.024560453967
261	0.054603822734
262	0.0148714675397
263	0.0292171761259
264	0.0444641857752
265	0.0132190822575
266	0.0250111044985
267	0.0630910744107
268	0.0129186485698
269	0.0258372971396
270	0.0553549069532
271	0.0126933233041
272	0.0256870802958
273	0.0499471005751
274	0.0128435401479
275	0.028240766641
276	0.0649687849586
277	0.0159229854465
278	0.0370284520053
279	0.0660203028655
280	0.0150216843835
281	0.0339490067067
282	0.0597863038463
283	0.0162985275561
284	0.0298180435012
285	0.0811170956709
286	0.0139701664767
287	0.0350005246135
288	0.0654945439121
289	0.0159980938684
290	0.0305691277204
291	0.0696255071175
292	0.0148714675397
293	0.0286163087506
294	0.0639172670518
295	0.0150967928054
296	0.0265132729369
297	0.0669216039285
298	0.0141203833205
299	0.0276398992656
300	0.0597111954244
301	0.0125431064602
302	0.0303438024547
1550
