-102	0.00944959387761
-101	0.0149501037467
-100	0.0128345230278
-99	0.0128345230278
-98	0.0117062133111
-97	0.00987271002138
-96	0.0095906325922
-95	0.013116600457
-94	0.0111420584527
-93	0.0153732198904
-92	0.0105779035943
-91	0.00930855516302
-90	0.012411406884
-89	0.0179119167531
-88	0.0263742396286
-87	0.0141038714591
-86	0.0156552973196
-85	0.0176298393239
-84	0.0166425683218
-83	0.0138217940299
-82	0.0141038714591
-81	0.0145269876029
-80	0.0174888006093
-79	0.0114241358819
-78	0.0125524455986
-77	0.0126934843132
-76	0.0141038714591
-75	0.0167836070364
-74	0.0160784134634
-73	0.0150911424613
-72	0.0149501037467
-71	0.0160784134634
-70	0.0210147684741
-69	0.0148090650321
-68	0.0188991877552
-67	0.0153732198904
-66	0.0142449101737
-65	0.0128345230278
-64	0.0132576391716
-63	0.0129755617424
-62	0.0108599810235
-61	0.0142449101737
-60	0.0232713879075
-59	0.0145269876029
-58	0.0153732198904
-57	0.0183350328969
-56	0.0269383944869
-55	0.0304643623517
-54	0.0174888006093
-53	0.0183350328969
-52	0.0170656844655
-51	0.0115651745965
-50	0.0156552973196
-49	0.0174888006093
-48	0.0159373747488
-47	0.0156552973196
-46	0.0207326910449
-45	0.0184760716114
-44	0.0177708780385
-43	0.0149501037467
-42	0.0198864587574
-41	0.0152321811759
-40	0.0143859488883
-39	0.0207326910449
-38	0.0172067231801
-37	0.0156552973196
-36	0.0184760716114
-35	0.018617110326
-34	0.0229893104784
-33	0.0222841169054
-32	0.0160784134634
-31	0.0138217940299
-30	0.0150911424613
-29	0.0170656844655
-28	0.0173477618947
-27	0.0167836070364
-26	0.0167836070364
-25	0.020027497472
-24	0.0173477618947
-23	0.0145269876029
-22	0.0198864587574
-21	0.0149501037467
-20	0.0141038714591
-19	0.0152321811759
-18	0.0121293294548
-17	0.0139628327445
-16	0.0172067231801
-15	0.0150911424613
-14	0.0196043813282
-13	0.0221430781908
-12	0.0176298393239
-11	0.0166425683218
-10	0.0198864587574
-9	0.0139628327445
-8	0.0170656844655
-7	0.0184760716114
-6	0.0157963360342
-5	0.0153732198904
-4	0.0114241358819
-3	0.0126934843132
-2	0.0117062133111
-1	0.0118472520257
0	0.0125524455986
1	0.0296181300642
2	0.0978808679263
3	0.182927212825
4	0.0338492915019
5	0.0547230212614
6	0.0660061184287
7	0.0272204719161
8	0.0383625303688
9	0.0746094800187
10	0.0212968459033
11	0.0509149759674
12	0.0863156933298
13	0.0166425683218
14	0.0373752593667
15	0.0770071381668
16	0.0153732198904
17	0.0351186399332
18	0.0414653820898
19	0.0149501037467
20	0.0373752593667
21	0.0554282148343
22	0.0133986778862
23	0.0331440979289
24	0.045555504813
25	0.0125524455986
26	0.0301822849225
27	0.0466838145297
28	0.0142449101737
29	0.0273615106307
30	0.0430168079503
31	0.0119882907403
32	0.0260921621994
33	0.0335672140727
34	0.013116600457
35	0.0215789233325
36	0.0332851366435
37	0.0095906325922
38	0.0234124266221
39	0.0308874784955
40	0.0111420584527
41	0.0169246457509
42	0.0266563170577
43	0.00846232287547
44	0.0207326910449
45	0.0246817750535
46	0.00846232287547
47	0.0196043813282
48	0.0243996976243
49	0.00930855516302
50	0.0160784134634
51	0.0201685361865
52	0.00507739372528
53	0.013116600457
54	0.0212968459033
55	0.00846232287547
56	0.0112830971673
57	0.0220020394762
58	0.00691089701497
59	0.0138217940299
60	0.020027497472
61	0.00592362601283
62	0.0126934843132
63	0.0207326910449
64	0.00775712930252
65	0.0150911424613
66	0.0236945040513
67	0.00930855516302
68	0.0157963360342
69	0.0198864587574
70	0.00676985830038
71	0.0157963360342
72	0.018617110326
73	0.00691089701497
74	0.015514258605
75	0.0170656844655
76	0.00761609058793
77	0.0138217940299
78	0.0176298393239
79	0.0063467421566
80	0.0133986778862
81	0.0187581490406
82	0.0080392067317
83	0.013116600457
84	0.0157963360342
85	0.00916751644843
86	0.0156552973196
87	0.0165015296072
88	0.00691089701497
89	0.0143859488883
90	0.0184760716114
91	0.00550050986906
92	0.0108599810235
93	0.016219452178
94	0.00620570344201
95	0.0139628327445
96	0.0163604908926
97	0.00705193572956
98	0.0139628327445
99	0.0165015296072
100	0.00606466472742
101	0.00987271002138
102	0.0136807553153
103	0.00564154858365
104	0.0115651745965
105	0.0139628327445
106	0.00662881958579
107	0.0110010197381
108	0.0149501037467
109	0.0063467421566
110	0.0125524455986
111	0.0125524455986
112	0.00691089701497
113	0.0138217940299
114	0.0132576391716
115	0.00705193572956
116	0.0125524455986
117	0.0142449101737
118	0.00832128416088
119	0.0125524455986
120	0.0184760716114
121	0.00705193572956
122	0.0153732198904
123	0.0136807553153
124	0.00535947115447
125	0.0121293294548
126	0.0143859488883
127	0.00564154858365
128	0.0135397166008
129	0.0170656844655
130	0.00592362601283
131	0.012411406884
132	0.0148090650321
133	0.00691089701497
134	0.0138217940299
135	0.0152321811759
136	0.00733401315874
137	0.015514258605
138	0.0169246457509
139	0.00578258729824
140	0.0121293294548
141	0.0122703681694
142	0.0064877808712
143	0.0121293294548
144	0.0148090650321
145	0.00535947115447
146	0.010013748736
147	0.0138217940299
148	0.00550050986906
149	0.013116600457
150	0.0150911424613
151	0.00535947115447
152	0.0117062133111
153	0.016219452178
154	0.00662881958579
155	0.0142449101737
156	0.0135397166008
157	0.00832128416088
158	0.0118472520257
159	0.0145269876029
160	0.00620570344201
161	0.0118472520257
162	0.016219452178
163	0.00578258729824
164	0.0128345230278
165	0.0166425683218
166	0.0063467421566
167	0.015514258605
168	0.0160784134634
169	0.00592362601283
170	0.0121293294548
171	0.0159373747488
172	0.00662881958579
173	0.0129755617424
174	0.0152321811759
175	0.0063467421566
176	0.0135397166008
177	0.0119882907403
178	0.0063467421566
179	0.016219452178
180	0.0143859488883
181	0.00620570344201
182	0.0128345230278
183	0.0159373747488
184	0.00550050986906
185	0.0128345230278
186	0.0128345230278
187	0.0064877808712
188	0.0105779035943
189	0.0146680263175
190	0.00691089701497
191	0.0121293294548
192	0.0108599810235
193	0.00493635501069
194	0.015514258605
195	0.0138217940299
196	0.00578258729824
197	0.0149501037467
198	0.0156552973196
199	0.00578258729824
200	0.0128345230278
201	0.0135397166008
202	0.00747505187333
203	0.0125524455986
204	0.0107189423089
205	0.00662881958579
206	0.0101547874506
207	0.0119882907403
208	0.00451323886692
209	0.0104368648797
210	0.0117062133111
211	0.00733401315874
212	0.00916751644843
213	0.0132576391716
214	0.00535947115447
215	0.0111420584527
216	0.0126934843132
217	0.00423116143774
218	0.0117062133111
219	0.0133986778862
220	0.00606466472742
221	0.0107189423089
222	0.0143859488883
223	0.00564154858365
224	0.0107189423089
225	0.0153732198904
226	0.0047953162961
227	0.00846232287547
228	0.0160784134634
229	0.00676985830038
230	0.013116600457
231	0.0148090650321
232	0.00550050986906
233	0.0126934843132
234	0.0141038714591
235	0.00733401315874
236	0.0104368648797
237	0.0114241358819
238	0.00507739372528
239	0.0119882907403
240	0.0146680263175
241	0.00564154858365
242	0.0139628327445
243	0.0118472520257
244	0.00691089701497
245	0.0126934843132
246	0.0153732198904
247	0.00662881958579
248	0.0104368648797
249	0.0115651745965
250	0.00606466472742
251	0.0111420584527
252	0.0157963360342
253	0.00423116143774
254	0.0119882907403
255	0.0117062133111
256	0.00564154858365
257	0.0119882907403
258	0.0129755617424
259	0.00550050986906
260	0.0112830971673
261	0.0152321811759
262	0.0047953162961
263	0.013116600457
264	0.0152321811759
265	0.00451323886692
266	0.0142449101737
267	0.016219452178
268	0.00662881958579
269	0.0112830971673
270	0.0129755617424
271	0.00493635501069
272	0.0114241358819
273	0.0157963360342
274	0.00535947115447
275	0.0126934843132
276	0.0156552973196
277	0.00437220015233
278	0.0133986778862
279	0.0169246457509
280	0.00451323886692
281	0.0118472520257
282	0.0167836070364
283	0.00550050986906
284	0.0145269876029
285	0.015514258605
286	0.00394908400855
287	0.0118472520257
288	0.0136807553153
289	0.00451323886692
290	0.0135397166008
291	0.0139628327445
292	0.0047953162961
293	0.0139628327445
294	0.0141038714591
295	0.00606466472742
296	0.0143859488883
297	0.0129755617424
298	0.00564154858365
299	0.0135397166008
300	0.0152321811759
301	0.00662881958579
302	0.0117062133111
1550
