-34	0.0372342206521
-33	0.0344134463603
-32	0.0338492915019
-31	0.0352596786478
-30	0.0566975632657
-29	0.0473890081026
-28	0.0445682338108
-27	0.0434399240941
-26	0.0393498013709
-25	0.047953162961
-24	0.0520432856842
-23	0.0490814726777
-22	0.0403370723731
-21	0.0380804529396
-20	0.0531715954009
-19	0.0757377897355
-18	0.0528895179717
-17	0.0447092725254
-16	0.0523253631133
-15	0.0511970533966
-14	0.0495045888215
-13	0.0535947115447
-12	0.0600824924159
-11	0.0521843243987
-10	0.0495045888215
-9	0.0535947115447
-8	0.051761208255
-7	0.0442861563816
-6	0.0432988853795
-5	0.0568386019803
-4	0.054158866403
-3	0.0495045888215
-2	0.0425936918065
-1	0.0362469496499
0	0.140051443589
1	0.271499525588
2	0.131589120714
3	0.146821301889
4	0.140333521018
5	0.12749899799
6	0.0937907452032
7	0.101970990649
8	0.0882902353341
9	0.0882902353341
10	0.0810972608899
11	0.0682627378621
12	0.0662881958579
13	0.0589541826991
14	0.0558513309781
15	0.0527484792571
16	0.0497866662507
17	0.0383625303688
18	0.041042265946
19	0.0427347305211
20	0.038644607798
21	0.0435809628087
22	0.0487993952486
23	0.042452653092
24	0.041042265946
25	0.0385035690834
26	0.0373752593667
27	0.0399139562293
28	0.0406191498023
29	0.0377983755104
30	0.034836562504
31	0.0363879883645
32	0.0373752593667
33	0.032438904356
34	0.0308874784955
35	0.0315926720684
36	0.0338492915019
37	0.0332851366435
38	0.0328620204998
39	0.0351186399332
40	0.0409012272315
41	0.0311695559247
42	0.0335672140727
43	0.0354007173624
44	0.035541756077
45	0.0380804529396
46	0.034836562504
47	0.0308874784955
48	0.0301822849225
49	0.032438904356
50	0.0321568269268
51	0.0370931819375
52	0.0337082527873
53	0.0325799430706
54	0.034836562504
55	0.0385035690834
56	0.0341313689311
57	0.035541756077
58	0.0351186399332
59	0.0345544850748
60	0.0334261753581
61	0.0342724076457
62	0.0299002074933
63	0.0337082527873
64	0.0313105946392
65	0.0345544850748
66	0.0342724076457
67	0.0335672140727
68	0.0275025493453
69	0.0269383944869
70	0.0282077429182
71	0.0297591687787
72	0.028630859062
73	0.0301822849225
74	0.0307464397809
75	0.028630859062
76	0.0359648722208
77	0.0330030592143
78	0.0318747494976
79	0.0284898203474
80	0.0342724076457
81	0.0314516333538
82	0.032438904356
83	0.0287718977766
84	0.0320157882122
85	0.029336052635
86	0.0297591687787
87	0.0331440979289
88	0.0339903302165
89	0.0341313689311
90	0.029336052635
91	0.0338492915019
92	0.0334261753581
93	0.0332851366435
94	0.0368111045083
95	0.0313105946392
96	0.031733710783
97	0.0327209817852
98	0.0345544850748
99	0.0321568269268
100	0.0335672140727
1550
