-102	0.0308803187479
-101	0.0263193031459
-100	0.0358899588353
-99	0.0302073820197
-98	0.0283381133304
-97	0.0336468364081
-96	0.0253472834275
-95	0.0253472834275
-94	0.0274408643595
-93	0.0272165521168
-92	0.0243004929614
-91	0.0260949909032
-90	0.0323009629518
-89	0.0245995759517
-88	0.0240761807187
-87	0.0341702316411
-86	0.0281138010877
-85	0.027889488845
-84	0.0305812357576
-83	0.0296839867867
-82	0.0318523384664
-81	0.0302821527673
-80	0.0313289432333
-79	0.0355161050975
-78	0.0355161050975
-77	0.0319271092139
-76	0.0343197731363
-75	0.0365628955635
-74	0.0353665636023
-73	0.0344693146314
-72	0.0278147180974
-71	0.0369367493014
-70	0.0351422513596
-69	0.0322261922042
-68	0.0347683976217
-67	0.0306560065052
-66	0.0326000459421
-65	0.0370115200489
-64	0.028936279311
-63	0.0378339982722
-62	0.0407500574276
-61	0.0500964008743
-60	0.0351422513596
-59	0.0319271092139
-58	0.0408995989228
-57	0.0364881248159
-56	0.0382078520101
-55	0.0463578634956
-54	0.043666116583
-53	0.0339459193984
-52	0.053834938253
-51	0.0337963779033
-50	0.0512927328355
-49	0.0415725356509
-48	0.0473298832141
-47	0.0435913458354
-46	0.0491991519034
-45	0.0536853967579
-44	0.0397780377092
-43	0.0417220771461
-42	0.0460587805053
-41	0.0527133770394
-40	0.05331154302
-39	0.0468064879811
-38	0.0518161280685
-37	0.0410491404179
-36	0.0605643055346
-35	0.0534610845151
-34	0.0666207360881
-33	0.0536853967579
-32	0.0617606374958
-31	0.0532367722724
-30	0.0606390762822
-29	0.059442744321
-28	0.0593679735734
-27	0.0468812587287
-26	0.0545826457287
-25	0.0440399703209
-24	0.0500216301267
-23	0.0476289662044
-22	0.0470308002238
-21	0.0426940968645
-20	0.0596670565637
-19	0.05331154302
-18	0.060489534787
-17	0.0777615774766
-16	0.0480775906898
-15	0.0464326342432
-14	0.0695367952435
-13	0.0588445783404
-12	0.0564519144181
-11	0.0725276251464
-10	0.0606390762822
-9	0.066994589826
-8	0.0764157040202
-7	0.0613867837579
-6	0.0935382052146
-5	0.0726771666415
-4	0.052788147787
-3	0.0600409103016
-2	0.0649010088939
-1	0.0488252981656
0	0.0513675035831
1	0.119932279108
2	0.407201491286
3	1.28119675967
4	0.22558334543
5	0.210180571429
6	0.418940498655
7	0.109314832953
8	0.150513514866
9	0.442119430403
10	0.105052900341
11	0.146251582254
12	0.426043719674
13	0.0753689135542
14	0.1247923777
15	0.388957428878
16	0.072079000661
17	0.175561715303
18	0.296241701887
19	0.0705835857095
20	0.105426754079
21	0.258033849877
22	0.0614615545055
23	0.12232494303
24	0.292727476751
25	0.0559285191851
26	0.0968281181078
27	0.216984709459
28	0.0497225471364
29	0.0853881937291
30	0.206965429284
31	0.049797317884
32	0.0871826916708
33	0.206292492556
34	0.048227132185
35	0.0811262611174
36	0.196123670886
37	0.0442642825636
38	0.0788831386902
39	0.170776387458
40	0.042619326117
41	0.0766400162629
42	0.150139661128
43	0.0371610615441
44	0.0693124830007
45	0.133316242924
46	0.0368619785538
47	0.0617606374958
48	0.10632400305
49	0.0326748166897
50	0.0631812816997
51	0.112305662856
52	0.0335720656606
53	0.0553303532045
54	0.107819418001
55	0.0317775677188
56	0.0622092619812
57	0.129652476293
58	0.0357404173402
59	0.058395953855
60	0.109838228186
61	0.0349179391169
62	0.0660225701075
63	0.111408413885
64	0.0356656465926
65	0.0654244041269
66	0.123895128729
67	0.0371610615441
68	0.0666955068357
69	0.125016689943
70	0.033497294913
71	0.0552555824569
72	0.119109800885
73	0.0287867378158
74	0.0537601675054
75	0.104006109875
76	0.0317775677188
77	0.064527155156
78	0.108567125477
79	0.0312541724858
80	0.0625831157191
81	0.151784617574
82	0.0379087690198
83	0.0610877007676
84	0.120679986584
85	0.035590875845
86	0.0560780606802
87	0.106548315292
88	0.031029860243
89	0.0537601675054
90	0.116118970982
91	0.0325252751945
92	0.0534610845151
93	0.108716666972
94	0.0290110500586
95	0.0530872307773
96	0.120530445089
97	0.0312541724858
98	0.0551808117093
99	0.112679516593
100	0.034020690146
101	0.0592184320783
102	0.126287792652
103	0.0359647295829
104	0.0677422973017
105	0.118511634904
106	0.0326748166897
107	0.0688638585153
108	0.125465314429
109	0.0368619785538
110	0.0633308231948
111	0.102884548661
112	0.0320766507091
113	0.0569005389035
114	0.108641896224
115	0.0346188561266
116	0.052264752554
117	0.103482714642
118	0.0357404173402
119	0.0855377352242
120	0.169729596992
121	0.0506945668549
122	0.057872558622
123	0.11402539005
124	0.0381330812625
125	0.0699106489813
126	0.109240062205
127	0.0340954608936
128	0.054881728719
129	0.110511164914
130	0.0316280262236
131	0.057872558622
132	0.120156591351
133	0.0340954608936
134	0.0445633655539
135	0.118362093409
136	0.0287867378158
137	0.0498720886316
138	0.111483184632
139	0.0331234411751
140	0.0498720886316
141	0.129876788535
142	0.0336468364081
143	0.0524890647967
144	0.108940979215
145	0.0277399473498
146	0.0494234641462
147	0.108641896224
148	0.028936279311
149	0.0548069579715
150	0.111632726127
151	0.024898658942
152	0.0524890647967
153	0.0999684895059
154	0.0227303072624
155	0.0508441083501
156	0.116044200234
157	0.0358151880878
158	0.0589941198356
159	0.123371733496
160	0.0304316942625
161	0.0521899818064
162	0.110885018652
163	0.0276651766022
164	0.0563023729229
165	0.137652946283
166	0.0330486704275
167	0.0652000918842
168	0.125390543681
169	0.0330486704275
170	0.0646019259036
171	0.103557485389
172	0.0287119670683
173	0.0556294361948
174	0.127558895361
175	0.028936279311
176	0.0609381592725
177	0.117689156681
178	0.0328243581848
179	0.0678170680493
180	0.117315302943
181	0.0308803187479
182	0.0429184091073
183	0.126736417137
184	0.0286371963207
185	0.0580221001171
186	0.138849278244
187	0.0293101330489
188	0.0515170450782
189	0.107221252021
190	0.024375263709
191	0.0432922628451
192	0.0986973867972
193	0.0242257222138
194	0.049797317884
195	0.109240062205
196	0.0263193031459
197	0.0627326572143
198	0.118137781166
199	0.0273660936119
200	0.0587698075929
201	0.121951089293
202	0.0301326112722
203	0.054881728719
204	0.123222192001
205	0.0292353623013
206	0.0515918158258
207	0.115745117244
208	0.0257211371653
209	0.05331154302
210	0.110436394166
211	0.0263193031459
212	0.0531620015248
213	0.114249702292
214	0.0257959079129
215	0.0539097090006
216	0.107894188749
217	0.0237023269808
218	0.0627326572143
219	0.120156591351
220	0.0269922398741
221	0.0514422743306
222	0.120754757331
223	0.0296092160391
224	0.0558537484375
225	0.136680926565
226	0.0252725126799
227	0.0560032899326
228	0.115371263506
229	0.0293849037964
230	0.0554798946996
231	0.0966785766127
232	0.0266931568838
233	0.0734996448649
234	0.147746997205
235	0.028936279311
236	0.054358333486
237	0.106548315292
238	0.02280507801
239	0.0571996218938
240	0.126362563399
241	0.029983069777
242	0.049273922651
243	0.12449329471
244	0.0245995759517
245	0.0525638355442
246	0.0974262840884
247	0.0241509514663
248	0.0509936498452
249	0.13742863404
250	0.024898658942
251	0.0459840097578
252	0.110286852671
253	0.0274408643595
254	0.0485262151753
255	0.107595105758
256	0.0215339753012
257	0.0513675035831
258	0.113875848555
259	0.0245995759517
260	0.0598165980589
261	0.115520805001
262	0.025422054175
263	0.0516665865734
264	0.117539615186
265	0.0254968249226
266	0.0586202660977
267	0.140718546934
268	0.0254968249226
269	0.0615363252531
270	0.116118970982
271	0.0255715956702
272	0.0598165980589
273	0.107669876506
274	0.0240761807187
275	0.0502459423695
276	0.11649282472
277	0.0260202201556
278	0.0586202660977
279	0.116418053972
280	0.028936279311
281	0.0676675265541
282	0.128157061341
283	0.0325252751945
284	0.0639289891754
285	0.122698796768
286	0.0260949909032
287	0.0566762266608
288	0.112081350613
289	0.0243004929614
290	0.0557042069423
291	0.0978749085739
292	0.0236275562333
293	0.0596670565637
294	0.120156591351
295	0.0281885718353
296	0.0628074279618
297	0.112679516593
298	0.0258706786605
299	0.0532367722724
300	0.124642836205
301	0.0255715956702
302	0.0574239341365
1557
