-102	0.0426830072674
-101	0.0345395387756
-100	0.0584083257344
-99	0.0341183248881
-98	0.0395941054257
-97	0.055600233151
-96	0.0303273999005
-95	0.0355223711798
-94	0.0320122554506
-93	0.0349607526631
-92	0.0329950878548
-91	0.0355223711798
-90	0.0270980934296
-89	0.0318718508214
-88	0.0311698276756
-87	0.0394537007965
-86	0.0320122554506
-85	0.0325738739672
-84	0.0402961285715
-83	0.0380496545048
-82	0.035662775809
-81	0.0351011572923
-80	0.0417001748632
-79	0.0452102905925
-78	0.0376284406173
-77	0.0363647989548
-76	0.0442274581883
-75	0.0431042211549
-74	0.04563150448
-73	0.0327142785964
-72	0.0306082091589
-71	0.0402961285715
-70	0.0401557239424
-69	0.0404365332007
-68	0.0395941054257
-67	0.0409981517174
-66	0.0372072267298
-65	0.0395941054257
-64	0.0393132961674
-63	0.0435254350424
-62	0.0404365332007
-61	0.0449294813341
-60	0.0397345100549
-59	0.0449294813341
-58	0.0377688452465
-57	0.038190059134
-56	0.0374880359882
-55	0.0494224294675
-54	0.0501244526134
-53	0.0402961285715
-52	0.0470355507717
-51	0.0388920822799
-50	0.0504052618717
-49	0.0426830072674
-48	0.049843643355
-47	0.0487204063217
-46	0.0544769961176
-45	0.0529325451968
-44	0.0457719091091
-43	0.0475971692883
-42	0.055600233151
-41	0.0522305220509
-40	0.0533537590843
-39	0.0551790192635
-38	0.0541961868593
-37	0.0478779785467
-36	0.0595315627677
-35	0.0532133544551
-34	0.0592507535094
-33	0.0526517359384
-32	0.0575658979594
-31	0.056442660926
-30	0.0553194238926
-29	0.0460527183675
-28	0.04731636003
-27	0.0443678628175
-26	0.0554598285218
-25	0.0436658396716
-24	0.0394537007965
-23	0.0478779785467
-22	0.0454910998508
-21	0.037347631359
-20	0.0471759554008
-19	0.0523709266801
-18	0.0553194238926
-17	0.0506860711301
-16	0.0452102905925
-15	0.0443678628175
-14	0.0644457247886
-13	0.049843643355
-12	0.0565830655552
-11	0.0567234701843
-10	0.0442274581883
-9	0.0512476896467
-8	0.0575658979594
-7	0.039032486909
-6	0.0563022562968
-5	0.0626204646094
-4	0.0459123137383
-3	0.04731636003
-2	0.0488608109509
-1	0.0460527183675
0	0.0543365914885
1	0.11667624684
2	0.387376371878
3	0.756780951222
4	0.149952143953
5	0.201901856745
6	0.290497177751
7	0.0894377487808
8	0.177892665157
9	0.302712380489
10	0.0804518525139
11	0.183508850324
12	0.308188161026
13	0.0741336442013
14	0.174242144799
15	0.264803130613
16	0.0657093664512
17	0.164975439274
18	0.170872433699
19	0.0543365914885
20	0.132541969936
21	0.193898792883
22	0.0530729498259
23	0.121450004231
24	0.184351278099
25	0.0511072850176
26	0.11653584221
27	0.176909832753
28	0.0477375739175
29	0.115833819065
30	0.173961335541
31	0.0457719091091
32	0.103618616327
33	0.143914744898
34	0.0379092498757
35	0.0856468237932
36	0.150232953211
37	0.0411385563466
38	0.0883145117474
39	0.129593472723
40	0.0395941054257
41	0.0835407543556
42	0.107549945944
43	0.0376284406173
44	0.0645861294178
45	0.0885953210057
46	0.0301869952714
47	0.0568638748135
48	0.0661305803387
49	0.0286425443505
50	0.0676750312595
51	0.0817154941764
52	0.0270980934296
53	0.0565830655552
54	0.0704831238429
55	0.0278001165755
56	0.0563022562968
57	0.0812942802889
58	0.0308890184172
59	0.0575658979594
60	0.0731508117971
61	0.0285021397213
62	0.0610760136886
63	0.0718871701346
64	0.0306082091589
65	0.0579871118469
66	0.0805922571431
67	0.029906186013
68	0.056442660926
69	0.0805922571431
70	0.028221330463
71	0.0557406377802
72	0.077222546043
73	0.0240091915879
74	0.0546174007468
75	0.0644457247886
76	0.0235879777004
77	0.0509668803884
78	0.0567234701843
79	0.0262556656546
80	0.0579871118469
81	0.0724487886513
82	0.0241495962171
83	0.0518093081634
84	0.0687982682929
85	0.028221330463
86	0.055600233151
87	0.0619184414636
88	0.0252728332504
89	0.0501244526134
90	0.0607952044302
91	0.0234475730712
92	0.0506860711301
93	0.0585487303635
94	0.0237283823296
95	0.0466143368842
96	0.0598123720261
97	0.0237283823296
98	0.0505456665009
99	0.058969944251
100	0.0204990758587
101	0.0487204063217
102	0.0624800599803
103	0.0270980934296
104	0.0494224294675
105	0.0623396553511
106	0.0252728332504
107	0.0513880942759
108	0.0682366497762
109	0.027378902688
110	0.0536345683426
111	0.0577063025885
112	0.0228859545546
113	0.0429638165258
114	0.0613568229469
115	0.0283617350922
116	0.0497032387259
117	0.0610760136886
118	0.0242900008463
119	0.054757805376
120	0.0554598285218
121	0.0219031221504
122	0.044789076705
123	0.054757805376
124	0.0213415036337
125	0.0474567646592
126	0.0553194238926
127	0.0214819082629
128	0.0435254350424
129	0.0579871118469
130	0.0245708101046
131	0.0467547415133
132	0.0753972858638
133	0.029063758238
134	0.0499840479842
135	0.0579871118469
136	0.0221839314087
137	0.0383304637632
138	0.0565830655552
139	0.0227455499254
140	0.0443678628175
141	0.0596719673969
142	0.0235879777004
143	0.0442274581883
144	0.049843643355
145	0.019095029567
146	0.0408577470882
147	0.0518093081634
148	0.0175505786461
149	0.0433850304133
150	0.0607952044302
151	0.0221839314087
152	0.0474567646592
153	0.046473932255
154	0.018252601792
155	0.0417001748632
156	0.0475971692883
157	0.0213415036337
158	0.0440870535591
159	0.0497032387259
160	0.0185334110503
161	0.0386112730215
162	0.0591103488802
163	0.0206394804879
164	0.044789076705
165	0.0499840479842
166	0.0181121971628
167	0.0445082674466
168	0.0554598285218
169	0.0204990758587
170	0.0433850304133
171	0.04900121558
172	0.0223243360379
173	0.0460527183675
174	0.0523709266801
175	0.0179717925337
176	0.0435254350424
177	0.0525113313093
178	0.019937457342
179	0.0402961285715
180	0.0571446840718
181	0.0213415036337
182	0.0405769378299
183	0.0485800016925
184	0.0179717925337
185	0.0433850304133
186	0.0488608109509
187	0.0212010990045
188	0.0424021980091
189	0.0467547415133
190	0.0169889601295
191	0.0386112730215
192	0.0438062443008
193	0.0167081508711
194	0.0405769378299
195	0.0475971692883
196	0.0203586712295
197	0.0421213887507
198	0.0470355507717
199	0.0161465323545
200	0.0387516776507
201	0.0482991924342
202	0.0197970527129
203	0.0419809841216
204	0.0550386146343
205	0.016567746242
206	0.0407173424591
207	0.0520901174218
208	0.0193758388253
209	0.039874914684
210	0.04731636003
211	0.0171293647586
212	0.0412789609757
213	0.048158787805
214	0.0161465323545
215	0.0384708683923
216	0.0520901174218
217	0.0192354341962
218	0.0460527183675
219	0.0468951461425
220	0.0150232953211
221	0.0421213887507
222	0.0424021980091
223	0.0148828906919
224	0.038190059134
225	0.04900121558
226	0.0181121971628
227	0.0402961285715
228	0.0527921405676
229	0.0167081508711
230	0.0435254350424
231	0.0509668803884
232	0.016567746242
233	0.0454910998508
234	0.0537749729718
235	0.0203586712295
236	0.0384708683923
237	0.048158787805
238	0.0153041045794
239	0.0421213887507
240	0.0432446257841
241	0.0202182666004
242	0.0366456082131
243	0.0478779785467
244	0.018252601792
245	0.0431042211549
246	0.0443678628175
247	0.0183930064212
248	0.0412789609757
249	0.0467547415133
250	0.0141808675461
251	0.0393132961674
252	0.0457719091091
253	0.0151636999503
254	0.0445082674466
255	0.04731636003
256	0.0175505786461
257	0.0435254350424
258	0.0485800016925
259	0.0183930064212
260	0.0439466489299
261	0.0475971692883
262	0.0186738156795
263	0.0417001748632
264	0.0452102905925
265	0.0200778619712
266	0.0414193656049
267	0.0492820248384
268	0.0151636999503
269	0.0414193656049
270	0.0443678628175
271	0.0160061277253
272	0.0329950878548
273	0.0480183831759
274	0.0144616768044
275	0.0439466489299
276	0.0468951461425
277	0.017410174017
278	0.0433850304133
279	0.0439466489299
280	0.0168485555003
281	0.0530729498259
282	0.0626204646094
283	0.0143212721753
284	0.0449294813341
285	0.0477375739175
286	0.0158657230961
287	0.0418405794924
288	0.0460527183675
289	0.0115131795919
290	0.0379092498757
291	0.0428234118966
292	0.0136192490294
293	0.0414193656049
294	0.049843643355
295	0.0151636999503
296	0.039874914684
297	0.0428234118966
298	0.0140404629169
299	0.049843643355
300	0.0475971692883
301	0.0164273416128
302	0.0391728915382
1557
