-102	0.036218639054
-101	0.0339946875331
-100	0.0447967377773
-99	0.0374100416544
-98	0.0357420780138
-97	0.0382043100547
-96	0.0320090165323
-95	0.0291496502912
-94	0.0317707360122
-93	0.0312941749721
-92	0.0266874182503
-91	0.0332004191328
-90	0.0266079914103
-89	0.023351490969
-88	0.0281965282109
-87	0.0434464814967
-86	0.0291496502912
-85	0.0273228329705
-84	0.033597553333
-83	0.0320090165323
-82	0.0306587602518
-81	0.0304204797317
-80	0.0390780052951
-79	0.044161323057
-78	0.0333592728129
-77	0.0320090165323
-76	0.031135321292
-75	0.0407459689357
-74	0.038998578455
-73	0.0320884433724
-72	0.0317707360122
-71	0.0423345057363
-70	0.0420962252162
-69	0.0394751394952
-68	0.0356626511737
-67	0.0395545663352
-66	0.0347889559334
-65	0.036377492734
-64	0.0341535412132
-63	0.0431287741366
-62	0.0439230425369
-61	0.0409048226158
-60	0.0320884433724
-59	0.036377492734
-58	0.0339946875331
-57	0.0354243706537
-56	0.0332004191328
-55	0.0407459689357
-54	0.0418579446961
-53	0.0354243706537
-52	0.0501183360593
-51	0.0394751394952
-50	0.0387602979349
-49	0.0405076884156
-48	0.0443996035771
-47	0.0485297992587
-46	0.0514685923398
-45	0.0579021663823
-44	0.0401899810555
-43	0.0376483221745
-42	0.0443201767371
-41	0.046623555098
-40	0.0460675672178
-39	0.0462264208978
-38	0.0404282615756
-37	0.0455910061776
-36	0.0449555914573
-35	0.0435259083368
-34	0.0510714581397
-33	0.0446378840972
-32	0.0465441282579
-31	0.0497212018592
-30	0.0482120918986
-29	0.0446378840972
-28	0.0463058477378
-27	0.0552810806613
-26	0.0522628607401
-25	0.0436053351768
-24	0.0454321524975
-23	0.0463058477378
-22	0.0423345057363
-21	0.0405871152556
-20	0.0479738113785
-19	0.0506743239395
-18	0.0539308243808
-17	0.0553605075013
-16	0.0498006286992
-15	0.0448761646173
-14	0.0558370685415
-13	0.0644151672648
-12	0.0536925438607
-11	0.0561547759016
-10	0.0495623481791
-9	0.0572667516621
-8	0.0495623481791
-7	0.0497212018592
-6	0.0615558010237
-5	0.0542485317409
-4	0.0457498598576
-3	0.0483709455786
-2	0.0478149576984
-1	0.0442407498971
0	0.0565519101018
1	0.166716937224
2	0.619370498559
3	1.0851294885
4	0.224301396246
5	0.265762206742
6	0.360518426899
7	0.131371993411
8	0.234865165971
9	0.354084852856
10	0.116678028005
11	0.20857488192
12	0.33661094805
13	0.101110367359
14	0.179981219509
15	0.308096712479
16	0.0769646079897
17	0.18156975631
18	0.194595758075
19	0.064812301465
20	0.138123274813
21	0.215485017003
22	0.0691807776667
23	0.143047738895
24	0.219456359005
25	0.0588552884627
26	0.134549067012
27	0.196581429076
28	0.0536925438607
29	0.125256126728
30	0.18117262211
31	0.0505154702595
32	0.0998395379185
33	0.146145385656
34	0.0431287741366
35	0.1039697336
36	0.172117962346
37	0.0458292866977
38	0.10420801412
39	0.135422762252
40	0.0490857871389
41	0.0995218305584
42	0.145668824616
43	0.0451938719774
44	0.0914997197153
45	0.127400651409
46	0.041619664176
47	0.0713253023475
48	0.0928499759958
49	0.0409842494558
50	0.0887197803142
51	0.0988864158381
52	0.0339946875331
53	0.0719607170677
54	0.0918174270754
55	0.0378866026946
56	0.067512814026
57	0.0957093422369
58	0.0387602979349
59	0.0741052417486
60	0.0887992071542
61	0.038998578455
62	0.0683865092664
63	0.0843513041125
64	0.0371717611343
65	0.0691807776667
66	0.100554379479
67	0.0356626511737
68	0.067512814026
69	0.109132478202
70	0.0401899810555
71	0.0664802651056
72	0.0949945006766
73	0.0316118823322
74	0.0620323620639
75	0.0870518166736
76	0.0297850650115
77	0.0695779118668
78	0.0926116954757
79	0.0318501628523
80	0.0763291932694
81	0.106749673001
82	0.0354243706537
83	0.0656065698653
84	0.0927705491558
85	0.0345506754133
86	0.0675922408661
87	0.0893551950344
88	0.033756407013
89	0.0633031915044
90	0.0955504885568
91	0.0300233455316
92	0.0652094356651
93	0.0914202928752
94	0.0331209922928
95	0.062350069424
96	0.0811742305113
97	0.0308176139319
98	0.0688630703065
99	0.0884020729541
100	0.0328032849326
101	0.0641768867447
102	0.093405963876
103	0.036377492734
104	0.0696573387069
105	0.0872900971936
106	0.033597553333
107	0.0696573387069
108	0.0984098547979
109	0.0361392122139
110	0.0679099482262
111	0.0878460850739
112	0.0360597853739
113	0.0639386062246
114	0.0857809872331
115	0.036218639054
116	0.0654477161852
117	0.0887992071542
118	0.0332004191328
119	0.0819684989116
120	0.090864304995
121	0.0304204797317
122	0.0644151672648
123	0.0924528417956
124	0.0320884433724
125	0.0669568261458
126	0.0891963413544
127	0.0313736018121
128	0.0665596919457
129	0.0915791465553
130	0.0444790304171
131	0.075137790669
132	0.109450185562
133	0.0366952000941
134	0.0720401439078
135	0.10365202624
136	0.0366157732541
137	0.0768057543096
138	0.0998395379185
139	0.0386808710949
140	0.0676716677061
141	0.0964241837972
142	0.0324855775725
143	0.0608409594635
144	0.0876078045538
145	0.0303410528917
146	0.062350069424
147	0.0857809872331
148	0.0302616260517
149	0.0657654235454
150	0.0891169145144
151	0.0309764676119
152	0.0660831309055
153	0.0789502789904
154	0.0271639792905
155	0.0655271430253
156	0.0974567327176
157	0.0316118823322
158	0.0690219239866
159	0.0891169145144
160	0.0316913091722
161	0.0734698270283
162	0.0893551950344
163	0.0281965282109
164	0.0612380936636
165	0.0935648175561
166	0.0299439186915
167	0.0672745335059
168	0.0957887690769
169	0.0323267238925
170	0.075217217509
171	0.0903877439548
172	0.0280376745308
173	0.0738669612285
174	0.0945973664765
175	0.0313736018121
176	0.0695779118668
177	0.0843513041125
178	0.0301027723716
179	0.0709281681473
180	0.0965036106372
181	0.0327238580926
182	0.0716430097076
183	0.0982510011179
184	0.0325650044126
185	0.0714841560276
186	0.0965036106372
187	0.0314530286521
188	0.0720401439078
189	0.0990452695182
190	0.0308970407719
191	0.0711664486674
192	0.0973773058775
193	0.0316913091722
194	0.0693396313467
195	0.1031754652
196	0.0328032849326
197	0.080538815791
198	0.0953122080367
199	0.0277993940107
200	0.0741052417486
201	0.100872086839
202	0.0327238580926
203	0.0791091326705
204	0.101984062599
205	0.0332798459728
206	0.0802211084309
207	0.0931676833559
208	0.0283553818909
209	0.07791773007
210	0.0988864158381
211	0.0296262113314
212	0.0795062668706
213	0.100316098959
214	0.0293879308113
215	0.0731521196682
216	0.098568708478
217	0.0266079914103
218	0.0709281681473
219	0.0940413785963
220	0.0314530286521
221	0.072516704948
222	0.100713233159
223	0.0288319429311
224	0.0748200833088
225	0.10492285568
226	0.0316118823322
227	0.0764880469495
228	0.0924528417956
229	0.0306587602518
230	0.0763291932694
231	0.0978538669177
232	0.0297056381715
233	0.0809359499912
234	0.115883759605
235	0.0316118823322
236	0.0729932659881
237	0.0909437318351
238	0.0319295896923
239	0.0826833404719
240	0.0990452695182
241	0.0317707360122
242	0.0719607170677
243	0.10381087992
244	0.028593662411
245	0.0741846685886
246	0.0900700365947
247	0.0278788208507
248	0.0689424971466
249	0.0924528417956
250	0.0251783082897
251	0.0644945941049
252	0.101428074719
253	0.0320884433724
254	0.0747406564688
255	0.098648135318
256	0.0304204797317
257	0.0744229491087
258	0.1043668678
259	0.0297850650115
260	0.0759320590693
261	0.109370758722
262	0.0308176139319
263	0.0718018633877
264	0.100554379479
265	0.0322472970524
266	0.0792679863506
267	0.0973773058775
268	0.0290702234512
269	0.0796651205507
270	0.101984062599
271	0.0307381870918
272	0.0816507915515
273	0.101745782079
274	0.0266874182503
275	0.0838747430723
276	0.101904635759
277	0.0316118823322
278	0.0791885595105
279	0.0926911223157
280	0.0323267238925
281	0.0822862062717
282	0.109609039242
283	0.0305793334118
284	0.0760909127493
285	0.0942796591163
286	0.0271639792905
287	0.0719607170677
288	0.0860192677532
289	0.0269256987704
290	0.0716430097076
291	0.0912614391952
292	0.0265285645702
293	0.072675558628
294	0.102778331
295	0.0320090165323
296	0.0740258149085
297	0.0965830374772
298	0.0298644918515
299	0.0728344123081
300	0.0998395379185
301	0.0308970407719
302	0.0742640954286
1557
