-102	0.085169040297
-101	0.104983693384
-100	0.0277971276162
-99	0.0740388665916
-98	0.0985071324892
-97	0.0249891082073
-96	0.0781376691159
-95	0.0971710587382
-94	0.0229736749219
-93	0.0742879650876
-92	0.103285294548
-91	0.0274234798723
-90	0.0847161339407
-89	0.100205531325
-88	0.0267667656557
-87	0.0779225385967
-86	0.11247929358
-85	0.0271630587174
-84	0.0796435827505
-83	0.100420661844
-82	0.0269252828804
-81	0.0919966036178
-80	0.125024799649
-79	0.0312505385828
-78	0.0814891761523
-77	0.126406164036
-76	0.0292917185919
-75	0.0795303561614
-74	0.110633700178
-73	0.0307523415909
-72	0.0851237496614
-71	0.105187501244
-70	0.0251363027731
-69	0.0811494963851
-68	0.116702645352
-67	0.0301748859866
-66	0.0902076235105
-65	0.116815871942
-64	0.0273895118956
-63	0.0844670354448
-62	0.0940686501978
-61	0.0256231771061
-60	0.0709364580512
-59	0.0943177486937
-58	0.0236190664796
-57	0.0715252363143
-56	0.100896213519
-55	0.0250910121375
-54	0.0810815604317
-53	0.0963105366613
-52	0.0252948199978
-51	0.0889734536897
-50	0.104779885524
-49	0.0270498321284
-48	0.0734500883285
-47	0.107655840886
-46	0.0238794876345
-45	0.0773677283102
-44	0.0968427016299
-43	0.0270611547873
-42	0.0809456885248
-41	0.105515858353
-40	0.0264950218419
-39	0.0834593188021
-38	0.107803035452
-37	0.0240493275181
-36	0.0738803493669
-35	0.123224496883
-34	0.0343755924411
-33	0.103817459517
-32	0.110712958791
-31	0.0252155613855
-30	0.0971031227848
-29	0.104236397896
-28	0.028193420678
-27	0.0801757477191
-26	0.102062447386
-25	0.0268120562913
-24	0.106840609445
-23	0.126734521144
-22	0.0283519379027
-21	0.0909662416573
-20	0.105900828755
-19	0.0286123590575
-18	0.0731217312202
-17	0.0914644386492
-16	0.0223396060231
-15	0.0695777389823
-14	0.0863239515055
-13	0.0218074410545
-12	0.0788623192859
-11	0.0982467113344
-10	0.0300616593976
-9	0.0789189325805
-8	0.0937176477717
-7	0.0241172634715
-6	0.0750012925987
-5	0.0972842853273
-4	0.0223735739999
-3	0.0625803357779
-2	0.0842971955612
-1	0.00999790781471
0	0.00654449684814
1	0.00596704124389
2	0.0043252557024
3	0.003159021835
4	0.00187956137853
5	0.00173236681274
6	0.00124549247975
7	0.0014945909757
8	0.00202675594432
9	0.00106432993724
10	0.00118887918521
11	0.00230982241699
12	0.00218527316901
13	0.00140400970444
14	0.00167575351821
15	0.00112094323177
16	0.00135871906882
17	0.00126813779756
18	0.00100771664271
19	0.00123416982084
20	0.00175501213056
21	0.00186823871962
22	0.000962426007079
23	0.0011662338674
24	0.00127946045647
25	0.000905812712545
26	0.00147194565789
27	0.000939780689265
28	0.000928458030358
29	0.00124549247975
30	0.00138136438663
31	0.000985071324892
32	0.00126813779756
33	0.000939780689265
34	0.000962426007079
35	0.00120020184412
36	0.000996393983799
37	0.000939780689265
38	0.0016644308593
39	0.000996393983799
40	0.00115491120849
41	0.0014945909757
42	0.000928458030358
43	0.000883167394731
44	0.00142665502226
45	0.00113226589068
46	0.00114358854959
47	0.00172104415383
48	0.00131342843319
49	0.000860522076917
50	0.00139268704554
51	0.00153988161133
52	0.00127946045647
53	0.00115491120849
54	0.00123416982084
55	0.000769940805663
56	0.00127946045647
57	0.000747295487849
58	0.000928458030358
59	0.00150591363461
60	0.00158517224695
61	0.00165310820039
62	0.00156252692914
63	0.00153988161133
64	0.00148326831679
65	0.00181162542509
66	0.00221924114573
67	0.000962426007079
68	0.00156252692914
69	0.00175501213056
70	0.000962426007079
71	0.00109829791396
72	0.00126813779756
73	0.000883167394731
74	0.000973748665986
75	0.000656714216595
76	0.000860522076917
77	0.000758618146756
78	0.000985071324892
79	0.00081523144129
80	0.00130210577428
81	0.000769940805663
82	0.000769940805663
83	0.000735972828943
84	0.00106432993724
85	0.000849199418011
86	0.00150591363461
87	0.000883167394731
88	0.000905812712545
89	0.0013247510921
90	0.00103036196052
91	0.000917135371452
92	0.00110962057287
93	0.000600100922061
94	0.00056613294534
95	0.00101903930161
96	0.000962426007079
97	0.00081523144129
98	0.00141533236335
99	0.000713327511129
100	0.000690682193315
101	0.000951103348172
102	0.00078126346457
103	0.000679359534409
104	0.000939780689265
105	0.000769940805663
106	0.000996393983799
107	0.000837876759104
108	0.00078126346457
109	0.000837876759104
110	0.000849199418011
111	0.000509519650806
112	0.00103036196052
113	0.00101903930161
114	0.00081523144129
115	0.000543487627527
116	0.000792586123477
117	0.000543487627527
118	0.000724650170036
119	0.000860522076917
120	0.000702004852222
121	0.000758618146756
122	0.000645391557688
123	0.0004981969919
124	0.000679359534409
125	0.000702004852222
126	0.000622746239875
127	0.00056613294534
128	0.00104168461943
129	0.000747295487849
130	0.000679359534409
131	0.00104168461943
132	0.000441583697366
133	0.0004981969919
134	0.000702004852222
135	0.000758618146756
136	0.000634068898781
137	0.000600100922061
138	0.00078126346457
139	0.000520842309713
140	0.00081523144129
141	0.000430261038459
142	0.000486874332993
143	0.000486874332993
144	0.000543487627527
145	0.000339679767204
146	0.000588778263154
147	0.000418938379552
148	0.00056613294534
149	0.00127946045647
150	0.000679359534409
151	0.000634068898781
152	0.000939780689265
153	0.000735972828943
154	0.000668036875502
155	0.000611423580968
156	0.000735972828943
157	0.000452906356272
158	0.000928458030358
159	0.000486874332993
160	0.000373647743925
161	0.000588778263154
162	0.000928458030358
163	0.000554810286434
164	0.000452906356272
165	0.00053216496862
166	0.000520842309713
167	0.000317034449391
168	0.000475551674086
169	0.000656714216595
170	0.000509519650806
171	0.000260421154857
172	0.000452906356272
173	0.000430261038459
174	0.000373647743925
175	0.000441583697366
176	0.000362325085018
177	0.000328357108297
178	0.000520842309713
179	0.000871844735824
180	0.000996393983799
181	0.0004981969919
182	0.000577455604247
183	0.000588778263154
184	0.000362325085018
185	0.000735972828943
186	0.000634068898781
187	0.000645391557688
188	0.000656714216595
189	0.00053216496862
190	0.000384970402832
191	0.000464229015179
192	0.000611423580968
193	0.00053216496862
194	0.000962426007079
195	0.000407615720645
196	0.00056613294534
197	0.000554810286434
198	0.0004981969919
199	0.00028306647267
200	0.000600100922061
201	0.000849199418011
202	0.000373647743925
203	0.000860522076917
204	0.000645391557688
205	0.000351002426111
206	0.000849199418011
207	0.000769940805663
208	0.000475551674086
209	0.000362325085018
210	0.000294389131577
211	0.000271743813763
212	0.000452906356272
213	0.000418938379552
214	0.00141533236335
215	0.000407615720645
216	0.000611423580968
217	0.00053216496862
218	0.000486874332993
219	0.000373647743925
220	0.000328357108297
221	0.000713327511129
222	0.00107565259615
223	0.000554810286434
224	0.000418938379552
225	0.000645391557688
226	0.000577455604247
227	0.00053216496862
228	0.000328357108297
229	0.000373647743925
230	0.000554810286434
231	0.000464229015179
232	0.000384970402832
233	0.000373647743925
234	0.000260421154857
235	0.00024909849595
236	0.000430261038459
237	0.000294389131577
238	0.000317034449391
239	0.000305711790484
240	0.000305711790484
241	0.000305711790484
242	0.000328357108297
243	0.000384970402832
244	0.0004981969919
245	0.000260421154857
246	0.000351002426111
247	0.000384970402832
248	0.000441583697366
249	0.000441583697366
250	0.000351002426111
251	0.000509519650806
252	0.000271743813763
253	0.00024909849595
254	0.000305711790484
255	0.000339679767204
256	0.000169839883602
257	0.000317034449391
258	0.000475551674086
259	0.000441583697366
260	0.000452906356272
261	0.000554810286434
262	0.000407615720645
263	0.000351002426111
264	0.000577455604247
265	0.000588778263154
266	0.000317034449391
267	0.00053216496862
268	0.000384970402832
269	0.000384970402832
270	0.000509519650806
271	0.000713327511129
272	0.000362325085018
273	0.000464229015179
274	0.000237775837043
275	0.000475551674086
276	0.000215130519229
277	0.000203807860323
278	0.000135871906882
279	0.000317034449391
280	0.000362325085018
281	0.000294389131577
282	0.00056613294534
283	0.0004981969919
284	0.000271743813763
285	0.000656714216595
286	0.000747295487849
287	0.000430261038459
288	0.000373647743925
289	0.000622746239875
290	0.000611423580968
291	0.000951103348172
292	0.000418938379552
293	0.000384970402832
294	0.0004981969919
295	0.00028306647267
296	0.000441583697366
297	0.000588778263154
298	0.000260421154857
299	0.000464229015179
300	0.000656714216595
301	0.000135871906882
302	0.000305711790484
7741
