-102	0.0777180543899
-101	0.068175279214
-100	0.0835389708558
-99	0.0713856028407
-98	0.0787587636974
-97	0.0642593899552
-96	0.0733082691885
-95	0.071262128855
-94	0.0939637030719
-93	0.0601671092882
-92	0.0685986185934
-91	0.0832391054621
-90	0.0647885641793
-89	0.0723381164442
-88	0.0878076429308
-87	0.0792350204992
-86	0.0982500142877
-85	0.0890247436463
-84	0.0640653594063
-83	0.0681929183548
-82	0.0733964648925
-81	0.0656881603604
-80	0.0801698949619
-79	0.0800111426946
-78	0.0732906300477
-77	0.083697723123
-76	0.0943341250289
-75	0.0780355589244
-74	0.121180897335
-73	0.071085737447
-72	0.0794466901889
-71	0.0959392868422
-70	0.0957981737157
-69	0.110738525978
-68	0.065000233869
-67	0.0703978109555
-66	0.0957452562933
-65	0.0964508219255
-64	0.0841739799248
-63	0.0940695379168
-62	0.0755484400708
-61	0.0827628486603
-60	0.0807519866085
-59	0.0769948496169
-58	0.0744195350592
-57	0.0720029727689
-56	0.0967330481784
-55	0.0693218233664
-54	0.0776651369675
-53	0.0961156782502
-52	0.112802305452
-51	0.0751603789731
-50	0.101248668225
-49	0.107528202352
-48	0.102571603785
-47	0.0675931875674
-46	0.0690395971135
-45	0.0783883417405
-44	0.0580680515324
-43	0.105852483975
-42	0.0866434596376
-41	0.099855176101
-40	0.079887668709
-39	0.0986204362446
-38	0.0932404982989
-37	0.0727438166827
-36	0.0797641947234
-35	0.100772411423
-34	0.0878076429308
-33	0.0681223617916
-32	0.0764303971111
-31	0.0656528820788
-30	0.0806461517636
-29	0.0662878911478
-28	0.0525999178826
-27	0.0636243808861
-26	0.0691277928175
-25	0.071085737447
-24	0.0552281498626
-23	0.070538924082
-22	0.0549812018914
-21	0.0569391465208
-20	0.0648591207425
-19	0.0761834491398
-18	0.0798171121458
-17	0.0546284190752
-16	0.0536935446125
-15	0.0503068295778
-14	0.0705565632228
-13	0.0758306663237
-12	0.0470965059512
-11	0.07180894222
-10	0.0587206997422
-9	0.0692336276624
-8	0.050924199506
-7	0.071897137924
-6	0.0434275646636
-5	0.0556867675236
-4	0.0670463742025
-3	0.0492661202703
-2	0.0511535083365
-1	0.0739785565391
0	0.0545049450896
1	0.0484547197932
2	0.0443447999855
3	0.0476256801754
4	0.0527233918682
5	0.0604316964003
6	0.0528115875723
7	0.0562688591702
8	0.0622485279033
9	0.0571860944921
10	0.0565334462823
11	0.0587912563054
12	0.0637654940126
13	0.0598672438945
14	0.0620192190728
15	0.0567451159719
16	0.0599730787394
17	0.0573801250409
18	0.0416812897239
19	0.0488956983134
20	0.0465144143046
21	0.0415048983158
22	0.0404112715858
23	0.0388590271949
24	0.0435157603677
25	0.0434275646636
26	0.0449445307729
27	0.0611725403142
28	0.0470435885288
29	0.0471494233736
30	0.0494601508192
31	0.0480842978363
32	0.046479136023
33	0.0499011293393
34	0.0449798090545
35	0.0414167026118
36	0.0450680047586
37	0.043480482086
38	0.0551575932994
39	0.0484194415116
40	0.0591793174031
41	0.0604316964003
42	0.0547342539201
43	0.037130391396
44	0.0461439923477
45	0.0539757708654
46	0.0496012639456
47	0.043939099747
48	0.045844126954
49	0.0509594777877
50	0.0410110023732
51	0.0523000524889
52	0.0395116754048
53	0.0423162987929
54	0.0368834434247
55	0.0516650434199
56	0.0462498271925
57	0.0306744658611
58	0.0401466844738
59	0.0649649555874
60	0.0382416572667
61	0.0493013985519
62	0.047114145092
63	0.0392823665743
64	0.0390530577438
65	0.0392647274335
66	0.0426867207498
67	0.0502186338738
68	0.0454913441379
69	0.0460557966437
70	0.0506419732532
71	0.0443095217039
72	0.0417518462871
73	0.0428278338762
74	0.0594968219376
75	0.0464085794598
76	0.0486487503421
77	0.109591981826
78	0.0491955637071
79	0.0563923331558
80	0.0424221336377
81	0.0419811551176
82	0.0502539121554
83	0.0445917479568
84	0.0467790014167
85	0.0368481651431
86	0.0418576811319
87	0.0422457422296
88	0.0467966405575
89	0.0472552582185
90	0.038488605238
91	0.0439743780286
92	0.0275876162201
93	0.0351195293441
94	0.0340259026142
95	0.0322090711112
96	0.0358250949764
97	0.0382945746892
98	0.0351371684849
99	0.0303040439042
100	0.0274817813753
101	0.0281873470075
102	0.0302687656226
103	0.027869842473
104	0.0319268448583
105	0.0265292677718
106	0.025506197605
107	0.0300041785105
108	0.026511628631
109	0.0227015742169
110	0.0213080820933
111	0.0222605956968
112	0.0230367178922
113	0.0216432257686
114	0.0224017088232
115	0.0223840696824
116	0.0217490606134
117	0.0220489260071
118	0.0218372563175
119	0.0201438988001
120	0.0224899045273
121	0.0226662959353
122	0.0232483875819
123	0.0213962777973
124	0.0226486567945
125	0.0214315560789
126	0.0223487914008
127	0.0221723999928
128	0.0224546262457
129	0.0220312868663
130	0.021696143191
131	0.0217314214726
132	0.0215021126421
133	0.0219960085847
134	0.0211669689668
135	0.0216432257686
136	0.0224369871048
137	0.0215726692054
138	0.0219607303031
139	0.0225075436681
140	0.0225075436681
141	0.023512974694
142	0.0223664305416
143	0.0226662959353
144	0.0208494644323
145	0.0219960085847
146	0.0206025164611
147	0.0203732076306
148	0.0231601918779
149	0.0218019780358
150	0.0212728038117
151	0.0216608649094
152	0.0205672381794
153	0.0219430911623
154	0.0198616725472
155	0.0211669689668
156	0.0214491952197
157	0.0212904429525
158	0.0220842042887
159	0.0218019780358
160	0.0211846081076
161	0.0209023818547
162	0.0210964124036
163	0.0205672381794
164	0.0207965470099
165	0.0218019780358
166	0.0210787732628
167	0.0233013050043
168	0.0207083513059
169	0.0203908467714
170	0.0224546262457
171	0.0215550300646
172	0.0209023818547
173	0.0210964124036
174	0.020972938418
175	0.0209905775588
176	0.0204614033346
177	0.0207612687283
178	0.0198616725472
179	0.0204614033346
180	0.0211669689668
181	0.0213433603749
182	0.0199322291104
183	0.0207612687283
184	0.0204437641938
185	0.0201791770817
186	0.0202320945041
187	0.0196852811392
188	0.0218725345991
189	0.0214139169381
190	0.0190502720702
191	0.0189620763661
192	0.0205672381794
193	0.0208847427139
194	0.0198087551248
195	0.0203908467714
196	0.0195441680127
197	0.0206025164611
198	0.0198087551248
199	0.0203908467714
200	0.0201791770817
201	0.0204966816162
202	0.0198440334064
203	0.01970292028
204	0.0186622109724
205	0.0189620763661
206	0.0212198863893
207	0.0188738806621
208	0.0199322291104
209	0.0192619417598
210	0.0192972200414
211	0.0192619417598
212	0.0201438988001
213	0.0191208286334
214	0.0193501374638
215	0.0186269326908
216	0.0186622109724
217	0.0192972200414
218	0.0189267980845
219	0.0183447064379
220	0.0194030548863
221	0.0188738806621
222	0.0186798501132
223	0.0194559723087
224	0.0193677766047
225	0.019244302619
226	0.0183270672971
227	0.0211316906852
228	0.0187680458173
229	0.0194912505903
230	0.0176038625241
231	0.019156106915
232	0.0188033240989
233	0.0182388715931
234	0.0188033240989
235	0.0189620763661
236	0.0179213670586
237	0.0178684496362
238	0.0201262596593
239	0.0194383331679
240	0.018697489254
241	0.0186622109724
242	0.0192972200414
243	0.0185034587052
244	0.0191208286334
245	0.0182917890155
246	0.0188915198029
247	0.0186798501132
248	0.0183623455787
249	0.0185387369868
250	0.0180095627626
251	0.0174980276793
252	0.017339275412
253	0.0182741498747
254	0.0188386023805
255	0.0192266634782
256	0.0191031894926
257	0.0198087551248
258	0.0172687188488
259	0.0168806577511
260	0.0180801193258
261	0.01860929355
262	0.0191913851966
263	0.0182917890155
264	0.0180801193258
265	0.0186445718316
266	0.0187680458173
267	0.0192090243374
268	0.0187504066765
269	0.0183976238603
270	0.0184681804236
271	0.0186622109724
272	0.0183799847195
273	0.0194206940271
274	0.0184152630011
275	0.0192619417598
276	0.018062480185
277	0.0185740152684
278	0.0182565107339
279	0.0189267980845
280	0.0176038625241
281	0.0188915198029
282	0.0179213670586
283	0.0197734768432
284	0.0187151283948
285	0.0182565107339
286	0.0189797155069
287	0.0182565107339
288	0.0180448410442
289	0.0182741498747
290	0.0184681804236
291	0.0169864925959
292	0.0174980276793
293	0.0173039971304
294	0.017886088777
295	0.0190326329293
296	0.0192266634782
297	0.0187680458173
298	0.0181153976074
299	0.0182565107339
300	0.0174980276793
301	0.0182035933115
302	0.0168982968919
7741
