-102	0.0918118923663
-101	0.114713351892
-100	0.0378992662461
-99	0.0863956088795
-98	0.109959385679
-97	0.0367070951525
-96	0.094004898452
-95	0.10666251747
-94	0.0332188908417
-93	0.0883089698938
-92	0.114051034618
-91	0.0401805813017
-90	0.0948879881509
-89	0.110283185236
-88	0.0385615835203
-87	0.0885444604802
-86	0.128680887297
-85	0.0400481178469
-84	0.0899132495136
-83	0.108428696868
-82	0.0377815209529
-81	0.11621460438
-80	0.151847273732
-79	0.0501594948997
-78	0.0931070905914
-77	0.140735061687
-76	0.0526763005417
-75	0.0930187816215
-74	0.12361783969
-73	0.0424177418723
-72	0.0963598043158
-71	0.11665614923
-70	0.0391061555013
-69	0.093165963238
-68	0.126046336362
-67	0.0420792241544
-66	0.100348426123
-65	0.131403747202
-64	0.0425354871655
-63	0.0901928945849
-62	0.102276505299
-61	0.0379728570544
-60	0.0855419555038
-59	0.111401765521
-58	0.0339695170858
-57	0.0872051077702
-56	0.120247380672
-55	0.0404160718881
-54	0.0955944599101
-53	0.112093519119
-52	0.0377520846296
-51	0.104808029102
-50	0.119923581116
-49	0.039915654392
-48	0.0870137716687
-47	0.11933485465
-46	0.0371633581637
-45	0.0860129366766
-44	0.106824417248
-43	0.0393416460877
-42	0.0882353790856
-41	0.121218779341
-40	0.038576301682
-39	0.0956238962334
-38	0.124589238359
-37	0.036353859273
-36	0.0863072999096
-35	0.141132452052
-34	0.0504980126176
-33	0.12049758942
-32	0.130417630372
-31	0.0379581388927
-30	0.112432036837
-29	0.114257088881
-28	0.0407693077677
-27	0.0901193037767
-26	0.115522850783
-25	0.0429917501767
-24	0.120070762732
-23	0.147166898328
-22	0.0445224389881
-21	0.0949615789592
-20	0.110724730085
-19	0.0401952994633
-18	0.0788304737919
-17	0.0972576121764
-16	0.0323063648195
-15	0.0804494715733
-14	0.0941520800685
-13	0.0318206654851
-12	0.0966100130639
-11	0.10978276774
-10	0.0448020840595
-9	0.0880881974691
-8	0.103615858009
-7	0.0333955087815
-6	0.0845852749966
-5	0.109105732304
-4	0.0363980137579
-3	0.0782711836492
-2	0.0931512450764
-1	0.0156306876712
0	0.00753569876427
1	0.00727077185459
2	0.00482755702086
3	0.0029141960065
4	0.00214885160075
5	0.00194279733766
6	0.00129519822511
7	0.00148653432655
8	0.00160427961974
9	0.00136878903335
10	0.00139822535665
11	0.00260511461187
12	0.00186920652942
13	0.00148653432655
14	0.00176617939788
15	0.00107442580038
16	0.0015012524882
17	0.001383507195
18	0.00114801660862
19	0.00128048006346
20	0.00166315226633
21	0.00173674307458
22	0.000971398668832
23	0.001383507195
24	0.00101555315378
25	0.000868371537289
26	0.00148653432655
27	0.00105970763873
28	0.000941962345534
29	0.00120688925522
30	0.00108914396202
31	0.00133935271006
32	0.00175146123623
33	0.00125104374016
34	0.000824217052342
35	0.00107442580038
36	0.00105970763873
37	0.000927244183885
38	0.00200166998426
39	0.00111858028532
40	0.00122160741686
41	0.00179561572117
42	0.001383507195
43	0.00119217109357
44	0.00151597064984
45	0.0014423798416
46	0.000809498890694
47	0.00148653432655
48	0.00129519822511
49	0.00108914396202
50	0.0015012524882
51	0.00133935271006
52	0.00113329844697
53	0.00139822535665
54	0.0014718161649
55	0.000971398668832
56	0.00105970763873
57	0.000838935213991
58	0.00122160741686
59	0.00197223366096
60	0.00157484329644
61	0.0014423798416
62	0.00158956145809
63	0.00158956145809
64	0.0014129435183
65	0.00204582446921
66	0.00264926909682
67	0.000691753597502
68	0.00175146123623
69	0.00183977020612
70	0.00110386212367
71	0.00132463454841
72	0.00128048006346
73	0.000927244183885
74	0.00111858028532
75	0.000971398668832
76	0.000868371537289
77	0.000971398668832
78	0.000809498890694
79	0.000794780729045
80	0.00107442580038
81	0.000927244183885
82	0.000868371537289
83	0.000927244183885
84	0.00136878903335
85	0.000883089698938
86	0.00169258858963
87	0.00107442580038
88	0.00129519822511
89	0.00135407087171
90	0.001383507195
91	0.00105970763873
92	0.00130991638676
93	0.000927244183885
94	0.000824217052342
95	0.00104498947708
96	0.000956680507183
97	0.000868371537289
98	0.00139822535665
99	0.000838935213991
100	0.000809498890694
101	0.00117745293192
102	0.000735908082449
103	0.000735908082449
104	0.00129519822511
105	0.000691753597502
106	0.00133935271006
107	0.001383507195
108	0.000794780729045
109	0.000986116830481
110	0.0014129435183
111	0.000824217052342
112	0.00128048006346
113	0.00116273477027
114	0.00101555315378
115	0.000883089698938
116	0.00153068881149
117	0.000647599112555
118	0.000706471759151
119	0.000750626244098
120	0.000794780729045
121	0.00057400830431
122	0.000765344405747
123	0.000588726465959
124	0.000897807860587
125	0.000956680507183
126	0.000544571981012
127	0.000986116830481
128	0.00111858028532
129	0.000735908082449
130	0.000794780729045
131	0.00120688925522
132	0.000588726465959
133	0.000662317274204
134	0.000809498890694
135	0.000897807860587
136	0.00057400830431
137	0.000868371537289
138	0.000794780729045
139	0.00101555315378
140	0.00103027131543
141	0.000397390364522
142	0.000397390364522
143	0.000941962345534
144	0.00042682668782
145	0.000456263011118
146	0.000559290142661
147	0.000559290142661
148	0.000780062567396
149	0.00164843410468
150	0.000927244183885
151	0.000986116830481
152	0.00101555315378
153	0.000780062567396
154	0.000647599112555
155	0.000691753597502
156	0.000809498890694
157	0.000529853819363
158	0.00114801660862
159	0.000515135657714
160	0.000441544849469
161	0.000632880950906
162	0.000750626244098
163	0.000706471759151
164	0.000632880950906
165	0.000706471759151
166	0.000515135657714
167	0.000529853819363
168	0.000470981172767
169	0.000559290142661
170	0.000441544849469
171	0.000456263011118
172	0.000367954041224
173	0.000529853819363
174	0.000515135657714
175	0.000794780729045
176	0.000515135657714
177	0.000485699334416
178	0.000515135657714
179	0.00114801660862
180	0.00154540697314
181	0.000485699334416
182	0.000588726465959
183	0.000441544849469
184	0.000294363232979
185	0.000794780729045
186	0.000677035435853
187	0.000544571981012
188	0.000838935213991
189	0.000647599112555
190	0.000353235879575
191	0.000647599112555
192	0.000632880950906
193	0.000618162789257
194	0.000927244183885
195	0.000500417496065
196	0.000662317274204
197	0.000677035435853
198	0.000456263011118
199	0.000647599112555
200	0.000662317274204
201	0.000897807860587
202	0.000529853819363
203	0.00139822535665
204	0.000941962345534
205	0.00042682668782
206	0.000824217052342
207	0.000691753597502
208	0.000544571981012
209	0.000632880950906
210	0.000353235879575
211	0.000250208748033
212	0.000456263011118
213	0.000883089698938
214	0.00161899778139
215	0.000750626244098
216	0.000706471759151
217	0.000456263011118
218	0.000603444627608
219	0.000367954041224
220	0.000323799556277
221	0.000662317274204
222	0.00156012513479
223	0.000397390364522
224	0.000706471759151
225	0.000470981172767
226	0.000485699334416
227	0.000367954041224
228	0.000294363232979
229	0.000367954041224
230	0.000412108526171
231	0.000485699334416
232	0.000412108526171
233	0.000515135657714
234	0.000250208748033
235	0.000323799556277
236	0.000500417496065
237	0.000367954041224
238	0.000397390364522
239	0.00042682668782
240	0.000412108526171
241	0.000206054263086
242	0.00042682668782
243	0.000382672202873
244	0.000441544849469
245	0.000397390364522
246	0.000250208748033
247	0.000382672202873
248	0.000412108526171
249	0.000412108526171
250	0.000470981172767
251	0.000441544849469
252	0.000397390364522
253	0.000353235879575
254	0.000309081394628
255	0.000515135657714
256	0.000220772424735
257	0.000470981172767
258	0.000559290142661
259	0.000338517717926
260	0.000588726465959
261	0.000897807860587
262	0.000515135657714
263	0.000588726465959
264	0.00057400830431
265	0.000691753597502
266	0.000250208748033
267	0.000603444627608
268	0.000544571981012
269	0.000294363232979
270	0.000470981172767
271	0.000559290142661
272	0.000470981172767
273	0.000441544849469
274	0.000323799556277
275	0.000559290142661
276	0.000500417496065
277	0.000206054263086
278	0.000294363232979
279	0.00027964507133
280	0.000338517717926
281	0.000338517717926
282	0.000618162789257
283	0.00027964507133
284	0.000367954041224
285	0.000647599112555
286	0.000632880950906
287	0.000456263011118
288	0.000412108526171
289	0.000618162789257
290	0.0007211899208
291	0.000986116830481
292	0.000603444627608
293	0.000485699334416
294	0.000750626244098
295	0.000441544849469
296	0.000603444627608
297	0.000544571981012
298	0.000353235879575
299	0.000529853819363
300	0.000897807860587
301	0.000397390364522
302	0.000441544849469
7741
