-102	0.0931420557677
-101	0.0885668255205
-100	0.0406553354415
-99	0.0798899414905
-98	0.0860624889642
-97	0.0391382854122
-96	0.0867206799822
-95	0.0800585026049
-94	0.0326767760281
-93	0.100486504322
-92	0.102236329224
-91	0.0419315838789
-90	0.107493830648
-89	0.0901721694669
-88	0.0463462797313
-87	0.0876036191527
-86	0.106217582211
-85	0.0446927754666
-84	0.0876838863501
-83	0.0831247095424
-82	0.0357189028065
-81	0.113072400862
-80	0.118763345152
-79	0.0484171734221
-78	0.0924999181891
-77	0.122640250782
-76	0.0486258681352
-75	0.0954296708912
-74	0.109966060325
-73	0.0472292189018
-72	0.0975487249004
-71	0.0974443775439
-70	0.0361764258312
-69	0.0965774918129
-68	0.129045573128
-67	0.0524465867275
-66	0.107694498641
-65	0.120256315022
-64	0.0410807515873
-63	0.0957266595213
-62	0.0835581524079
-61	0.0399489841051
-60	0.0812143502462
-59	0.0801949568403
-58	0.0310393252028
-57	0.0813026441633
-56	0.0847621603677
-55	0.0380305980892
-54	0.0948918806692
-53	0.083975541834
-52	0.0368185634097
-51	0.112727251913
-50	0.0991942024454
-49	0.0423008129865
-48	0.0886791995968
-47	0.112486450321
-46	0.0395235679593
-45	0.0881494360945
-44	0.0827233735558
-43	0.0421723854708
-42	0.0892812035767
-41	0.090140062588
-40	0.0398285833091
-39	0.0960236481514
-38	0.0992824963625
-37	0.0358071967235
-36	0.0857735270539
-35	0.123515163233
-34	0.0495248607451
-33	0.117760005185
-32	0.0998202865845
-31	0.0387449761453
-30	0.109051014276
-29	0.0805160256296
-28	0.0386004951902
-27	0.086696599823
-26	0.0845213587757
-25	0.0389616975781
-24	0.122343262152
-23	0.115552657259
-22	0.0473255395386
-21	0.101939340594
-20	0.0962564230236
-19	0.0426058283363
-18	0.0775300858893
-17	0.0768478147121
-16	0.0310794588015
-15	0.0850430955583
-14	0.0765989864005
-13	0.0323878141178
-12	0.0961681291066
-11	0.0861909164799
-10	0.0525589608037
-9	0.085950114888
-8	0.0777548340418
-7	0.0337363030327
-6	0.0869293746953
-5	0.0860624889642
-4	0.0342821199745
-3	0.068652533866
-2	0.064671280879
-1	0.0124815491829
0	0.00667823081685
1	0.00556251677413
2	0.00407757362375
3	0.00280132518639
4	0.00240801591954
5	0.00198259977375
6	0.00166955770421
7	0.00154915690824
8	0.00209497385
9	0.00127624843735
10	0.00126019499789
11	0.002424069359
12	0.00169363786341
13	0.00168561114368
14	0.0017417981818
15	0.00128427515709
16	0.00168561114368
17	0.00158929050689
18	0.00116387436111
19	0.00134848891494
20	0.00166153098448
21	0.00167758442394
22	0.00098728652701
23	0.00128427515709
24	0.00107558044406
25	0.00106755372433
26	0.00139664923333
27	0.00107558044406
28	0.00120400795977
29	0.00117992780057
30	0.00126019499789
31	0.00147691643065
32	0.0015411301885
33	0.00129230187682
34	0.0012361148387
35	0.00116387436111
36	0.00126822171762
37	0.00115584764138
38	0.00178193178046
39	0.00122006139923
40	0.0013886225136
41	0.00126822171762
42	0.0011879545203
43	0.00114782092165
44	0.00146888971092
45	0.0013886225136
46	0.00124414155843
47	0.00131638203601
48	0.00109163388352
49	0.00098728652701
50	0.00124414155843
51	0.00124414155843
52	0.00131638203601
53	0.00141270267279
54	0.00130032859655
55	0.000995313246742
56	0.00131638203601
57	0.000907019329692
58	0.00122006139923
59	0.00141270267279
60	0.00107558044406
61	0.00116387436111
62	0.0011879545203
63	0.000923072769156
64	0.00101939340594
65	0.00140467595306
66	0.00170166458314
67	0.000963206367815
68	0.0013886225136
69	0.0010354468454
70	0.000955179648083
71	0.00101136668621
72	0.000947152928351
73	0.00109966060325
74	0.000939126208619
75	0.000955179648083
76	0.000866885731033
77	0.00109163388352
78	0.000882939170497
79	0.00089899260996
80	0.00134848891494
81	0.000666217737738
82	0.000915046049424
83	0.00085083229157
84	0.00100333996647
85	0.000955179648083
86	0.00113979420191
87	0.000618057419348
88	0.00102742012567
89	0.00112374076245
90	0.00105150028486
91	0.00100333996647
92	0.00115584764138
93	0.000754511654788
94	0.000794645253447
95	0.000770565094252
96	0.000810698692911
97	0.000730431495593
98	0.000963206367815
99	0.000778591813983
100	0.00104347356513
101	0.00102742012567
102	0.000698324616666
103	0.000754511654788
104	0.000939126208619
105	0.000834778852106
106	0.00110768732299
107	0.000931099488887
108	0.000714378056129
109	0.000794645253447
110	0.000754511654788
111	0.000786618533715
112	0.000939126208619
113	0.000947152928351
114	0.000810698692911
115	0.00067424445747
116	0.000714378056129
117	0.000593977260152
118	0.00076253837452
119	0.000666217737738
120	0.000714378056129
121	0.000658191018007
122	0.000778591813983
123	0.000826752132374
124	0.000810698692911
125	0.000730431495593
126	0.000618057419348
127	0.000682271177202
128	0.00109163388352
129	0.000746484935056
130	0.000802671973179
131	0.000995313246742
132	0.000577923820689
133	0.000585950540421
134	0.000658191018007
135	0.000818725412642
136	0.000529763502298
137	0.000682271177202
138	0.000513710062834
139	0.000778591813983
140	0.000810698692911
141	0.000521736782566
142	0.000441469585248
143	0.000553843661493
144	0.000513710062834
145	0.000369229107662
146	0.000682271177202
147	0.000505683343103
148	0.000786618533715
149	0.0013645423544
150	0.000730431495593
151	0.000963206367815
152	0.00089899260996
153	0.00076253837452
154	0.000722404775861
155	0.000497656623371
156	0.000626084139079
157	0.000553843661493
158	0.000754511654788
159	0.000393309266858
160	0.000521736782566
161	0.00085083229157
162	0.000754511654788
163	0.000730431495593
164	0.000569897100957
165	0.000521736782566
166	0.000497656623371
167	0.000425416145785
168	0.000505683343103
169	0.000473576464175
170	0.000610030699616
171	0.000441469585248
172	0.000698324616666
173	0.000505683343103
174	0.000602003979884
175	0.000489629903639
176	0.00053779022203
177	0.000473576464175
178	0.000642137578543
179	0.000874912450765
180	0.000682271177202
181	0.000529763502298
182	0.000497656623371
183	0.000505683343103
184	0.000385282547126
185	0.000642137578543
186	0.000585950540421
187	0.000666217737738
188	0.000682271177202
189	0.00053779022203
190	0.000489629903639
191	0.000489629903639
192	0.000577923820689
193	0.000553843661493
194	0.000682271177202
195	0.000481603183907
196	0.000577923820689
197	0.000465549744444
198	0.000417389426053
199	0.000481603183907
200	0.000593977260152
201	0.000634110858811
202	0.000321068789272
203	0.000770565094252
204	0.000642137578543
205	0.000369229107662
206	0.000786618533715
207	0.000730431495593
208	0.000513710062834
209	0.000473576464175
210	0.000409362706321
211	0.000433442865517
212	0.000521736782566
213	0.000553843661493
214	0.000915046049424
215	0.000738458215324
216	0.000626084139079
217	0.00053779022203
218	0.000409362706321
219	0.00044949630498
220	0.000441469585248
221	0.000545816941762
222	0.00139664923333
223	0.000513710062834
224	0.000489629903639
225	0.000441469585248
226	0.000529763502298
227	0.000473576464175
228	0.000457523024712
229	0.000433442865517
230	0.000513710062834
231	0.000345148948467
232	0.000417389426053
233	0.000321068789272
234	0.000280935190613
235	0.000240801591954
236	0.000513710062834
237	0.000369229107662
238	0.000345148948467
239	0.000473576464175
240	0.000385282547126
241	0.000441469585248
242	0.000425416145785
243	0.000473576464175
244	0.000441469585248
245	0.000345148948467
246	0.000409362706321
247	0.000417389426053
248	0.000401335986589
249	0.000521736782566
250	0.000409362706321
251	0.000553843661493
252	0.000305015349808
253	0.000296988630076
254	0.000288961910344
255	0.000305015349808
256	0.000232774872222
257	0.000329095509003
258	0.000377255827394
259	0.000305015349808
260	0.000385282547126
261	0.000481603183907
262	0.000329095509003
263	0.000465549744444
264	0.000457523024712
265	0.000337122228735
266	0.000345148948467
267	0.00036120238793
268	0.000272908470881
269	0.000296988630076
270	0.000280935190613
271	0.000457523024712
272	0.000288961910344
273	0.000256855031417
274	0.000401335986589
275	0.000457523024712
276	0.000200667993295
277	0.000369229107662
278	0.000208694713026
279	0.000337122228735
280	0.000337122228735
281	0.000216721432758
282	0.000377255827394
283	0.000184614553831
284	0.000296988630076
285	0.000385282547126
286	0.000457523024712
287	0.000353175668199
288	0.000385282547126
289	0.000593977260152
290	0.000497656623371
291	0.000642137578543
292	0.000337122228735
293	0.000433442865517
294	0.000353175668199
295	0.00036120238793
296	0.000345148948467
297	0.00036120238793
298	0.000240801591954
299	0.000337122228735
300	0.000577923820689
301	0.000305015349808
302	0.000264881751149
7741
