-102	0.105487311874
-101	0.123578256269
-100	0.0572534329064
-99	0.0753962138184
-98	0.157142400956
-97	0.0514736612731
-96	0.116787672556
-95	0.148356111343
-94	0.0304021171567
-93	0.111344838283
-92	0.234352892866
-91	0.0913359427625
-90	0.298759765103
-89	0.294094478583
-88	0.195890197332
-87	0.115362168342
-86	0.181220463052
-85	0.104191398952
-84	0.142887358811
-83	0.121193776492
-82	0.032916188226
-81	0.120856839132
-80	0.238707160284
-79	0.0752147860093
-78	0.1807539344
-77	1.03224647911
-76	0.258223608894
-75	0.354224838177
-74	0.471038428991
-73	0.115906451769
-72	0.184615754908
-71	0.283260646552
-70	0.0757331511782
-69	0.139621658247
-68	0.359745427226
-67	0.0765625354484
-66	0.240365928825
-65	0.310189717078
-64	0.111707693901
-63	0.114843803173
-62	0.134800862176
-61	0.0566573129622
-60	0.113340544183
-59	0.142265320608
-58	0.0327606786753
-57	0.171008669224
-56	0.26929070525
-55	0.0737633635363
-54	0.199752017841
-53	0.270482945139
-52	0.04268737166
-51	0.132701483242
-50	0.154006291684
-49	0.0985930551272
-48	0.212659310547
-47	0.32047926568
-46	0.0653917660584
-45	0.206231582452
-44	0.169557246751
-43	0.0733745896596
-42	0.123656011044
-41	0.149029986062
-40	0.0452532792461
-39	0.121867651211
-38	0.160615447588
-37	0.0392661615452
-36	0.093461239955
-35	0.373715368528
-34	0.0926577739432
-33	0.216832150156
-32	0.211130133298
-31	0.0564499668946
-30	0.199440998739
-29	0.153695272583
-28	0.0490632632376
-27	0.0929169565276
-26	0.123344991943
-25	0.0503850944183
-24	0.169764592819
-23	0.231709230504
-22	0.0792321160683
-21	0.236348598766
-20	0.178939656309
-19	0.0674133902171
-18	0.0776251840447
-17	0.090143702874
-16	0.0296245694034
-15	0.0937204225395
-14	0.107923628168
-13	0.0288988581669
-12	0.0876037135463
-11	0.148615293927
-10	0.106575878729
-9	0.189358796204
-8	0.190395526542
-7	0.0352488314861
-6	0.107949546426
-5	0.235156358877
-4	0.0873445309618
-3	0.204054448743
-2	0.197574884131
-1	0.0244668359727
0	0.0137107587177
1	0.02384479777
2	0.0249592828832
3	0.00598711770094
4	0.00323978230571
5	0.0017624415743
6	0.00150325898985
7	0.00150325898985
8	0.00184019634964
9	0.0011922398885
10	0.000933057304043
11	0.00142550421451
12	0.00108856685472
13	0.00121815814695
14	0.00150325898985
15	0.000984893820935
16	0.000933057304043
17	0.00152917724829
18	0.000829384270261
19	0.000699792978032
20	0.000855302528706
21	0.00106264859627
22	0.000622038202696
23	0.00142550421451
24	0.000907139045598
25	0.000803466011815
26	0.00108856685472
27	0.000855302528706
28	0.000958975562489
29	0.000855302528706
30	0.000647956461141
31	0.00106264859627
32	0.00101081207938
33	0.000881220787152
34	0.00142550421451
35	0.00106264859627
36	0.000958975562489
37	0.000829384270261
38	0.000984893820935
39	0.000622038202696
40	0.000881220787152
41	0.00145142247296
42	0.0011922398885
43	0.000855302528706
44	0.00158101376518
45	0.000803466011815
46	0.000725711236478
47	0.00101081207938
48	0.000622038202696
49	0.00059611994425
50	0.000829384270261
51	0.00059611994425
52	0.000855302528706
53	0.000958975562489
54	0.000725711236478
55	0.000803466011815
56	0.00142550421451
57	0.000751629494924
58	0.000544283427359
59	0.00101081207938
60	0.00101081207938
61	0.000933057304043
62	0.00124407640539
63	0.000881220787152
64	0.000725711236478
65	0.000958975562489
66	0.00108856685472
67	0.000622038202696
68	0.000984893820935
69	0.00137366769762
70	0.000907139045598
71	0.00101081207938
72	0.000699792978032
73	0.000388773876685
74	0.000518365168913
75	0.000518365168913
76	0.000699792978032
77	0.000881220787152
78	0.000622038202696
79	0.000570201685804
80	0.000855302528706
81	0.000984893820935
82	0.000907139045598
83	0.000570201685804
84	0.00059611994425
85	0.000777547753369
86	0.000751629494924
87	0.000699792978032
88	0.00041469213513
89	0.00111448511316
90	0.000777547753369
91	0.000622038202696
92	0.000673874719587
93	0.000570201685804
94	0.000673874719587
95	0.000881220787152
96	0.00103673033783
97	0.000673874719587
98	0.00121815814695
99	0.000622038202696
100	0.00041469213513
101	0.00132183118073
102	0.000622038202696
103	0.00059611994425
104	0.00101081207938
105	0.000622038202696
106	0.000699792978032
107	0.000829384270261
108	0.000647956461141
109	0.000699792978032
110	0.000647956461141
111	0.000673874719587
112	0.000518365168913
113	0.000388773876685
114	0.00059611994425
115	0.000492446910467
116	0.000647956461141
117	0.000518365168913
118	0.000673874719587
119	0.000518365168913
120	0.000207346067565
121	0.000362855618239
122	0.000673874719587
123	0.00041469213513
124	0.00059611994425
125	0.000673874719587
126	0.000336937359793
127	0.000311019101348
128	0.000622038202696
129	0.000336937359793
130	0.00041469213513
131	0.000933057304043
132	0.000362855618239
133	0.000544283427359
134	0.000466528652022
135	0.000388773876685
136	0.000466528652022
137	0.000440610393576
138	0.000336937359793
139	0.000622038202696
140	0.000803466011815
141	0.000285100842902
142	0.000311019101348
143	0.000622038202696
144	0.000336937359793
145	0.000362855618239
146	0.000362855618239
147	0.000259182584456
148	0.000233264326011
149	0.000699792978032
150	0.000647956461141
151	0.000699792978032
152	0.000673874719587
153	0.000492446910467
154	0.000544283427359
155	0.000492446910467
156	0.000466528652022
157	0.000311019101348
158	0.000673874719587
159	0.000336937359793
160	0.000285100842902
161	0.000673874719587
162	0.000440610393576
163	0.00059611994425
164	0.000362855618239
165	0.000285100842902
166	0.000362855618239
167	0.000233264326011
168	0.000440610393576
169	0.000207346067565
170	0.000492446910467
171	0.000233264326011
172	0.000311019101348
173	0.00041469213513
174	0.000155509550674
175	0.000259182584456
176	0.000388773876685
177	7.77547753369e-05
178	0.00018142780912
179	0.000233264326011
180	0.000336937359793
181	0.000259182584456
182	0.00041469213513
183	0.000259182584456
184	7.77547753369e-05
185	0.000492446910467
186	0.000492446910467
187	0.000207346067565
188	0.000362855618239
189	0.000311019101348
190	0.000362855618239
191	0.000336937359793
192	0.00041469213513
193	0.000311019101348
194	0.000388773876685
195	0.000207346067565
196	0.000207346067565
197	0.000207346067565
198	0.000285100842902
199	0.000285100842902
200	0.000388773876685
201	0.000311019101348
202	0.00018142780912
203	0.000259182584456
204	0.000233264326011
205	0.000336937359793
206	0.000492446910467
207	0.000699792978032
208	0.00018142780912
209	0.000362855618239
210	0.00018142780912
211	0.00018142780912
212	0.000259182584456
213	0.000311019101348
214	0.000285100842902
215	0.000362855618239
216	0.000440610393576
217	0.000440610393576
218	0.00041469213513
219	0.000311019101348
220	0.000233264326011
221	0.000259182584456
222	0.000570201685804
223	0.000362855618239
224	0.000233264326011
225	0.000362855618239
226	0.000362855618239
227	0.000207346067565
228	0.00018142780912
229	0.000285100842902
230	0.000207346067565
231	0.000233264326011
232	0.000285100842902
233	0.000103673033783
234	0.000233264326011
235	0.000233264326011
236	0.000492446910467
237	0.000207346067565
238	0.000285100842902
239	0.000233264326011
240	0.000311019101348
241	0.000311019101348
242	0.000129591292228
243	0.000155509550674
244	0.000207346067565
245	0.000259182584456
246	0.000259182584456
247	0.000207346067565
248	0.000311019101348
249	0.00018142780912
250	0.000362855618239
251	0.000285100842902
252	0.000285100842902
253	0.000129591292228
254	0.000311019101348
255	0.000311019101348
256	5.18365168913e-05
257	0.00018142780912
258	0.000233264326011
259	0.000388773876685
260	0.000285100842902
261	0.00041469213513
262	0.00018142780912
263	0.000233264326011
264	0.000233264326011
265	0.00041469213513
266	0.000259182584456
267	0.000259182584456
268	0.000259182584456
269	0.000233264326011
270	0.000259182584456
271	0.000388773876685
272	0.000388773876685
273	0.000207346067565
274	0.000440610393576
275	0.000259182584456
276	0.000207346067565
277	0.000155509550674
278	0.000207346067565
279	7.77547753369e-05
280	0.000207346067565
281	0.000103673033783
282	0.000285100842902
283	0.000311019101348
284	0.000233264326011
285	0.000259182584456
286	0.000259182584456
287	0.000207346067565
288	0.000207346067565
289	0.000492446910467
290	0.000362855618239
291	0.000518365168913
292	0.000285100842902
293	0.00018142780912
294	0.000336937359793
295	0.000311019101348
296	0.000207346067565
297	0.000285100842902
298	0.000207346067565
299	0.00018142780912
300	0.00041469213513
301	0.00018142780912
302	0.000259182584456
7741
