-102	0.0727232618808
-101	0.0670157462328
-100	0.0810467222007
-99	0.0677608941091
-98	0.0728342413517
-97	0.0589142448548
-96	0.0688706888184
-95	0.0640351547278
-94	0.101704758004
-93	0.0595484132601
-92	0.0631314647502
-91	0.0920178356128
-90	0.0650656783865
-89	0.0717720092728
-88	0.0789856748834
-87	0.0727074076706
-86	0.0927471292789
-85	0.0937776529376
-84	0.0657632636323
-83	0.0662388899363
-82	0.0703768387811
-81	0.0653510541689
-80	0.0753074981325
-79	0.0780502764855
-78	0.0742928286839
-77	0.0777807549132
-76	0.0969960575946
-75	0.0718354261133
-74	0.138280420781
-73	0.0701548798392
-72	0.081918703758
-71	0.0973289960074
-70	0.0955691786826
-69	0.122489627489
-68	0.0646376147129
-67	0.070487818252
-66	0.116972362362
-65	0.102941386395
-64	0.0923666282357
-63	0.110139197795
-62	0.106746396827
-61	0.148236864745
-60	0.106223207892
-59	0.100436421194
-58	0.0995644396362
-57	0.0849468578934
-56	0.122014001185
-55	0.0883238046518
-54	0.0977412054709
-53	0.119477327563
-52	0.138264566571
-51	0.0898299546144
-50	0.121871313294
-49	0.17740861139
-48	0.133048531437
-47	0.0822833505911
-46	0.079413738557
-45	0.0891957862091
-44	0.0587874111737
-43	0.126088533189
-42	0.0923666282357
-41	0.130480149396
-40	0.098470499137
-39	0.110028218324
-38	0.109235507817
-37	0.0864371536459
-36	0.0936191108363
-35	0.104939016871
-34	0.101355965381
-33	0.0655888673208
-32	0.0746733297271
-31	0.0660169309944
-30	0.0794930096076
-29	0.0649229904953
-28	0.0544750660175
-27	0.065129095227
-26	0.0728976581922
-25	0.0776539212322
-24	0.0532067292069
-23	0.0659852225742
-22	0.0554738812559
-21	0.0588666822244
-20	0.0633692779022
-19	0.0766075433634
-18	0.0819979748087
-17	0.055489735466
-16	0.0520969344975
-15	0.0534762507791
-14	0.0645583436622
-13	0.0832821658294
-12	0.0526201234319
-11	0.106825667877
-10	0.075370914973
-9	0.0820772458593
-8	0.0533335628879
-7	0.0966472649717
-6	0.0481333819642
-5	0.0616570232078
-4	0.0962509097184
-3	0.0577885959353
-2	0.066207181516
-1	0.0812369727223
0	0.0686487298765
1	0.0594532879993
2	0.0545543370682
3	0.0500834498106
4	0.0549982549519
5	0.0689023972387
6	0.0607850416505
7	0.0593106001081
8	0.0657949720526
9	0.0586922859129
10	0.0575190743631
11	0.0620850868814
12	0.0755294570743
13	0.0620692326713
14	0.068823126188
15	0.0575190743631
16	0.063226590011
17	0.0624655879246
18	0.0424734289467
19	0.049417572985
20	0.0547604417999
21	0.0431710141926
22	0.0414746137083
23	0.0411099668753
24	0.0436466404966
25	0.0406343405713
26	0.0451686446693
27	0.0694731488035
28	0.0597069553614
29	0.0607850416505
30	0.0550933802127
31	0.0562665917626
32	0.0522871850191
33	0.0620533784612
34	0.0542531070756
35	0.0482602156453
36	0.0535238134095
37	0.0524140187002
38	0.0656839925816
39	0.0535396676197
40	0.0736586602786
41	0.0779075885943
42	0.0642571136697
43	0.0442808089019
44	0.051320078201
45	0.0632107358009
46	0.062513150555
47	0.0532701460474
48	0.0568849059577
49	0.0682523746232
50	0.0542848154959
51	0.067982853051
52	0.0527152486927
53	0.0503371171728
54	0.0443283715323
55	0.078462485949
56	0.0620216700409
57	0.0364805375164
58	0.0450418109883
59	0.0818235784972
60	0.0461198972773
61	0.0632582984313
62	0.054411649177
63	0.04643698148
64	0.0470711498853
65	0.0443917883728
66	0.0521762055482
67	0.0563300086031
68	0.0535079591994
69	0.05477629601
70	0.060008185354
71	0.0489578008912
72	0.0424892831568
73	0.0463894188496
74	0.0718512803234
75	0.0525408523813
76	0.0504639508538
77	0.100341295933
78	0.0544909202276
79	0.0629095058083
80	0.0456442709733
81	0.0462150225381
82	0.056203174922
83	0.0460089178064
84	0.0547128791695
85	0.039048919558
86	0.0449149773072
87	0.0427588047291
88	0.0462784393787
89	0.0509554313679
90	0.0432819936635
91	0.0469918788347
92	0.0257630914664
93	0.0412368005563
94	0.0335475086417
95	0.0292193092754
96	0.0341816770471
97	0.0351170754449
98	0.0342768023079
99	0.0310266892306
100	0.0263021346109
101	0.0263972598717
102	0.0287753913917
103	0.0254460072637
104	0.0295205392679
105	0.0247484220178
106	0.0250179435901
107	0.0271582619581
108	0.0261753009298
109	0.0238764404605
110	0.0224019989181
111	0.0205470563326
112	0.0216251426216
113	0.0223068736573
114	0.0218629557736
115	0.0219739352445
116	0.0218471015635
117	0.0215934342014
118	0.0217519763027
119	0.0212604957886
120	0.0199604505576
121	0.0211812247379
122	0.0231312925843
123	0.0220849147155
124	0.0214031836798
125	0.0220056436648
126	0.0217678305128
127	0.0214983089406
128	0.0216092884115
129	0.021783684723
130	0.0203885142312
131	0.0217519763027
132	0.0211336621075
133	0.0218153931432
134	0.0207848694846
135	0.0213556210494
136	0.0221800399763
137	0.0207848694846
138	0.0227349373309
139	0.0206738900136
140	0.0219580810344
141	0.0218629557736
142	0.0216885594622
143	0.0224971241789
144	0.0222276026067
145	0.0213239126291
146	0.0213397668392
147	0.0213873294696
148	0.0210543910568
149	0.0212922042088
150	0.0205787647528
151	0.0212922042088
152	0.021070245267
153	0.0217361220926
154	0.0218788099837
155	0.0214031836798
156	0.0220849147155
157	0.0214348921
158	0.0216409968318
159	0.0217361220926
160	0.021197078948
161	0.0199604505576
162	0.0211653705278
163	0.0229886046931
164	0.0212129331582
165	0.0214507463102
166	0.0203092431806
167	0.0193896989928
168	0.0197067831955
169	0.0198336168766
170	0.0200238673982
171	0.0210226826366
172	0.019770200036
173	0.0203409516008
174	0.0205312021224
175	0.0208007236947
176	0.0204677852819
177	0.0199445963475
178	0.0199128879272
179	0.0198177626664
180	0.019532386884
181	0.0198336168766
182	0.0190884690003
183	0.0194531158334
184	0.0205787647528
185	0.0201982637096
186	0.0197860542462
187	0.0191994484712
188	0.0206104731731
189	0.0199445963475
190	0.0194848242536
191	0.0188665100585
192	0.0190884690003
193	0.0191360316307
194	0.0187079679571
195	0.0195482410942
196	0.0191360316307
197	0.0193104279422
198	0.0196750747752
199	0.0191835942611
200	0.0191360316307
201	0.0190884690003
202	0.0195799495144
203	0.0186445511166
204	0.019643366355
205	0.0201824094995
206	0.0197384916158
207	0.0198653252968
208	0.0202775347603
209	0.0179945285011
210	0.0185494258558
211	0.0200555758184
212	0.019294573732
213	0.0201348468691
214	0.0189457811091
215	0.0196750747752
216	0.0189774895294
217	0.0185652800659
218	0.0188506558483
219	0.0191518858408
220	0.019167740051
221	0.0177091527187
222	0.0181530706025
223	0.0179628200809
224	0.0185494258558
225	0.0194689700435
226	0.0184701548051
227	0.0182799042835
228	0.0187238221673
229	0.0186286969065
230	0.0194531158334
231	0.018216487443
232	0.0181847790227
233	0.019532386884
234	0.0175981732478
235	0.0172810890451
236	0.0184384463849
237	0.0172810890451
238	0.0176140274579
239	0.0181213621822
240	0.0180420911315
241	0.0177091527187
242	0.0186445511166
243	0.0184701548051
244	0.0176298816681
245	0.0175189021971
246	0.0182323416531
247	0.0191835942611
248	0.0166152122195
249	0.0177567153491
250	0.0180420911315
251	0.0174237769363
252	0.0172810890451
253	0.0169640048425
254	0.0180420911315
255	0.0177567153491
256	0.0176457358782
257	0.0179311116606
258	0.0173920685161
259	0.0175347564073
260	0.0178201321897
261	0.0176457358782
262	0.0180420911315
263	0.0183274669139
264	0.0176140274579
265	0.0182957584937
266	0.0168213169513
267	0.0176140274579
268	0.0174713395667
269	0.0172176722046
270	0.0172969432553
271	0.0185494258558
272	0.0183591753342
273	0.0180420911315
274	0.0180579453417
275	0.0179152574505
276	0.0184225921747
277	0.0183116127038
278	0.0177567153491
279	0.0176298816681
280	0.0180420911315
281	0.019405553203
282	0.0192470111016
283	0.018216487443
284	0.0182006332329
285	0.0187079679571
286	0.0178201321897
287	0.0183591753342
288	0.0175823190377
289	0.0175823190377
290	0.0175981732478
291	0.0184701548051
292	0.0173127974654
293	0.0177725695593
294	0.0172969432553
295	0.0191518858408
296	0.018216487443
297	0.017740861139
298	0.0174713395667
299	0.0175981732478
300	0.0171066927337
301	0.0164725243283
302	0.0165359411689
7741
