-102	0.135494530167
-101	0.123231512775
-100	0.0678653852159
-99	0.0817176552995
-98	0.11165573979
-97	0.0462494009691
-96	0.0966437447694
-95	0.0969658905853
-94	0.0289072178799
-93	0.126377803577
-92	0.169738630397
-91	0.0782492186816
-90	0.258189133248
-89	0.192482124999
-88	0.137191164797
-87	0.110721516924
-86	0.147553521875
-85	0.111086615516
-84	0.116799334651
-83	0.0913712915826
-82	0.0312266677544
-81	0.106952410878
-80	0.141636777057
-79	0.0632909146301
-78	0.152997786164
-77	0.483293891204
-76	0.114286597287
-75	0.263762255863
-74	0.237389251735
-73	0.0788612957319
-72	0.137889147398
-71	0.15657360472
-70	0.0472051002229
-69	0.119269119239
-68	0.197228406687
-67	0.0604989842257
-66	0.172605728158
-65	0.177126507775
-64	0.0598869071755
-63	0.131317372754
-62	0.115317463898
-61	0.0532829179495
-60	0.0822653031865
-59	0.0910598839605
-58	0.0318280066107
-57	0.109314813528
-56	0.12974959645
-55	0.0488050911086
-54	0.185083509427
-53	0.187542555822
-52	0.0401715832425
-51	0.136246203737
-50	0.128976446492
-49	0.119795290739
-48	0.251091187105
-47	0.33454842981
-46	0.0709365086608
-45	0.224761135752
-44	0.138189816826
-43	0.0929175914989
-42	0.128654300676
-41	0.114909412531
-40	0.0479138210179
-39	0.130995226938
-38	0.114136262573
-37	0.0418682178729
-36	0.101475932008
-35	0.33521419783
-34	0.102764515271
-33	0.24990998578
-32	0.151064911268
-31	0.052541982573
-30	0.214527637
-29	0.103870549239
-28	0.0515111159621
-27	0.0915431026844
-26	0.106297381053
-25	0.0482359668338
-24	0.154146772907
-23	0.172294320536
-22	0.0677150505018
-21	0.270548794385
-20	0.147961573242
-19	0.056858736506
-18	0.0772613048462
-17	0.0777767381517
-16	0.0299166081031
-15	0.105352419993
-14	0.0879672841279
-13	0.030077681011
-12	0.0965685774124
-11	0.107779251806
-10	0.112289293228
-9	0.154769588151
-8	0.129384497859
-7	0.0349098682495
-6	0.0984692377262
-5	0.12205031145
-4	0.0530466776846
-3	0.141067652782
-2	0.146297153193
-1	0.0183193587307
0	0.0111247688423
1	0.0138307936959
2	0.0112751035564
3	0.00391944076009
4	0.00270602485354
5	0.00187918392607
6	0.00163220546722
7	0.00196508947698
8	0.00256642833332
9	0.00153556172245
10	0.00112751035564
11	0.00177180198744
12	0.00155703811017
13	0.00195435128312
14	0.00194361308925
15	0.00120267771269
16	0.00136375062064
17	0.0019006603138
18	0.00138522700836
19	0.000912746478378
20	0.00132079784518
21	0.00115972493723
22	0.0011704631311
23	0.00126710687587
24	0.000773149958155
25	0.00112751035564
26	0.00112751035564
27	0.000869793702925
28	0.000987913835421
29	0.000944961059968
30	0.000944961059968
31	0.00111677216178
32	0.001256368682
33	0.000794626345882
34	0.00114898674337
35	0.00112751035564
36	0.000751673570429
37	0.000773149958155
38	0.00119193951882
39	0.000751673570429
40	0.000955699253831
41	0.00109529577405
42	0.000869793702925
43	0.00115972493723
44	0.00134227423291
45	0.000848317315198
46	0.000601338856343
47	0.0010523429986
48	0.000719458988839
49	0.000687244407249
50	0.000751673570429
51	0.000730197182702
52	0.000730197182702
53	0.000719458988839
54	0.00103086661087
55	0.000816102733609
56	0.00109529577405
57	0.000762411764292
58	0.000719458988839
59	0.000859055509062
60	0.000805364539745
61	0.000912746478378
62	0.000805364539745
63	0.000697982601113
64	0.000848317315198
65	0.000891270090651
66	0.000934222866104
67	0.00062281524407
68	0.00127784506973
69	0.000902008284515
70	0.000773149958155
71	0.000794626345882
72	0.000665768019523
73	0.00059060066248
74	0.000569124274753
75	0.000676506213386
76	0.000977175641558
77	0.000687244407249
78	0.0005261714993
79	0.000633553437933
80	0.000687244407249
81	0.000676506213386
82	0.000708720794976
83	0.000730197182702
84	0.000708720794976
85	0.000655029825659
86	0.000687244407249
87	0.000697982601113
88	0.000751673570429
89	0.000859055509062
90	0.000601338856343
91	0.000719458988839
92	0.000751673570429
93	0.000730197182702
94	0.000740935376566
95	0.000816102733609
96	0.000676506213386
97	0.000719458988839
98	0.000579862468617
99	0.0005261714993
100	0.000676506213386
101	0.00185770753835
102	0.000515433305437
103	0.000902008284515
104	0.000794626345882
105	0.000461742336121
106	0.000719458988839
107	0.000408051366804
108	0.000547647887027
109	0.000762411764292
110	0.0005261714993
111	0.000354360397488
112	0.000365098591351
113	0.000515433305437
114	0.000504695111574
115	0.00059060066248
116	0.000365098591351
117	0.000451004142257
118	0.000665768019523
119	0.000676506213386
120	0.00055838608089
121	0.000504695111574
122	0.000612077050206
123	0.000461742336121
124	0.000579862468617
125	0.00055838608089
126	0.000300669428172
127	0.000483218723847
128	0.000536909693163
129	0.000332884009761
130	0.000569124274753
131	0.000740935376566
132	0.00059060066248
133	0.000461742336121
134	0.000536909693163
135	0.000365098591351
136	0.000343622203625
137	0.00062281524407
138	0.000461742336121
139	0.000579862468617
140	0.000708720794976
141	0.000451004142257
142	0.000579862468617
143	0.00059060066248
144	0.000289931234308
145	0.000343622203625
146	0.000483218723847
147	0.000268454846582
148	0.000397313172941
149	0.000601338856343
150	0.000246978458855
151	0.000826840927472
152	0.000730197182702
153	0.000451004142257
154	0.000440265948394
155	0.000289931234308
156	0.000365098591351
157	0.000365098591351
158	0.000547647887027
159	0.000204025683402
160	0.000236240264992
161	0.000579862468617
162	0.000451004142257
163	0.000536909693163
164	0.0005261714993
165	0.000354360397488
166	0.000332884009761
167	0.000354360397488
168	0.000225502071129
169	0.000397313172941
170	0.000440265948394
171	0.000343622203625
172	0.000279193040445
173	0.000418789560668
174	0.000225502071129
175	0.000451004142257
176	0.000365098591351
177	0.000322145815898
178	0.000257716652718
179	0.000547647887027
180	0.000440265948394
181	0.000268454846582
182	0.00055838608089
183	0.000332884009761
184	0.000268454846582
185	0.000451004142257
186	0.000332884009761
187	0.000322145815898
188	0.000343622203625
189	0.000365098591351
190	0.000311407622035
191	0.000332884009761
192	0.000193287489539
193	0.000354360397488
194	0.000375836785214
195	0.000354360397488
196	0.000343622203625
197	0.000332884009761
198	0.000343622203625
199	0.000332884009761
200	0.000300669428172
201	0.000386574979078
202	0.000236240264992
203	0.000418789560668
204	0.000332884009761
205	0.000268454846582
206	0.000268454846582
207	0.00062281524407
208	0.000343622203625
209	0.000268454846582
210	0.000257716652718
211	0.000182549295676
212	0.000429527754531
213	0.000279193040445
214	0.000440265948394
215	0.000472480529984
216	0.000397313172941
217	0.000354360397488
218	0.000343622203625
219	0.000246978458855
220	0.000257716652718
221	0.000257716652718
222	0.000322145815898
223	0.000289931234308
224	0.000375836785214
225	0.000279193040445
226	0.000375836785214
227	0.000225502071129
228	0.000246978458855
229	0.000225502071129
230	0.000300669428172
231	0.000332884009761
232	0.000225502071129
233	0.000225502071129
234	0.000214763877265
235	0.000204025683402
236	0.000322145815898
237	0.000322145815898
238	0.000311407622035
239	0.000300669428172
240	0.000332884009761
241	0.000225502071129
242	0.000300669428172
243	0.000386574979078
244	0.000257716652718
245	0.000257716652718
246	0.000268454846582
247	0.000214763877265
248	0.000343622203625
249	0.000279193040445
250	0.000214763877265
251	0.000397313172941
252	0.000311407622035
253	0.000225502071129
254	0.000300669428172
255	0.000322145815898
256	0.000128858326359
257	0.000204025683402
258	0.000300669428172
259	0.000268454846582
260	0.000193287489539
261	0.000343622203625
262	0.000214763877265
263	0.000279193040445
264	0.000204025683402
265	0.000257716652718
266	0.000236240264992
267	0.000268454846582
268	0.000268454846582
269	0.000214763877265
270	0.000257716652718
271	0.000332884009761
272	0.000300669428172
273	0.000139596520223
274	0.000193287489539
275	0.000365098591351
276	0.000246978458855
277	0.000279193040445
278	0.000246978458855
279	0.000171811101812
280	0.000193287489539
281	0.000150334714086
282	0.000225502071129
283	0.000182549295676
284	0.000204025683402
285	0.000193287489539
286	0.000332884009761
287	0.000257716652718
288	0.000257716652718
289	0.000268454846582
290	0.000214763877265
291	0.000397313172941
292	0.000300669428172
293	0.000279193040445
294	0.000322145815898
295	0.000311407622035
296	0.000354360397488
297	0.000343622203625
298	0.000193287489539
299	0.000182549295676
300	0.000182549295676
301	0.000139596520223
302	0.000225502071129
7741
