-102	0.0518302754455
-101	0.0529642103686
-100	0.0308524793673
-99	0.0418925957718
-98	0.0563817642342
-97	0.0253245466169
-96	0.0434045090026
-95	0.0489481908491
-94	0.019528879232
-93	0.0661934511386
-92	0.0967624467751
-91	0.0401286970024
-90	0.115299132949
-89	0.089218629717
-88	0.0679101026195
-87	0.0498931366184
-86	0.0728710679083
-85	0.0346637606367
-84	0.0520822609839
-83	0.0543973781187
-82	0.0237653860976
-81	0.0605395256191
-80	0.0829662385435
-79	0.0457353752336
-78	0.102904594275
-77	0.296114505903
-76	0.132449898662
-75	0.132434149566
-74	0.133820070027
-73	0.0632483701577
-72	0.0990618148137
-71	0.130008788758
-70	0.0441604656181
-69	0.0785564916202
-68	0.131536451085
-67	0.0417508539064
-66	0.090951030294
-65	0.110857887834
-64	0.0512948061762
-63	0.141489879855
-62	0.165869480702
-61	0.044963669522
-60	0.0694220158504
-59	0.100384738891
-58	0.0216550072129
-57	0.0943213368711
-56	0.110290920372
-55	0.051987766407
-54	0.146529590624
-53	0.113094259488
-52	0.0299705299826
-51	0.140481937701
-50	0.127362940604
-49	0.0693275212734
-48	0.100321742506
-47	0.107928555949
-46	0.0413886246948
-45	0.0923841980441
-44	0.0693590194658
-43	0.0379080744446
-42	0.0527437230224
-41	0.068981041158
-40	0.0253245466169
-39	0.0550588401572
-38	0.0600985509267
-37	0.0237968842899
-36	0.0487119544068
-35	0.152986720048
-34	0.0584606449266
-33	0.137694347681
-32	0.111676840834
-31	0.0262537432901
-30	0.0743199847545
-29	0.0504128567915
-28	0.0224109638283
-27	0.0451999059643
-26	0.049751394753
-25	0.0229306840014
-24	0.0567282443496
-23	0.0795171864856
-22	0.0288365950594
-21	0.0669336586579
-20	0.0582716557728
-19	0.0296397989633
-18	0.0420028394449
-17	0.0443494547719
-16	0.018111460578
-15	0.0444439493489
-14	0.0464125863682
-13	0.0178279768472
-12	0.0513263043685
-11	0.0680675935811
-10	0.0524759883878
-9	0.0637365921385
-8	0.0700204815043
-7	0.0210407924628
-6	0.0607600129652
-5	0.083013485832
-4	0.0482552306183
-3	0.112543041122
-2	0.117519755507
-1	0.019528879232
0	0.012111054943
1	0.0201903412705
2	0.0165680491549
3	0.00680360953888
4	0.00573267100035
5	0.00418925957718
6	0.00294508098095
7	0.00215762617321
8	0.00385852855793
9	0.001322924077
10	0.00149616413471
11	0.00234661532707
12	0.00187414244242
13	0.0019528879232
14	0.00242536080784
15	0.00113393492315
16	0.00138592046162
17	0.00173240057703
18	0.0016379060001
19	0.00100794215391
20	0.00160640780779
21	0.00135442226931
22	0.0011496840193
23	0.00179539696165
24	0.00121268040392
25	0.000944945769288
26	0.00110243673084
27	0.00081895300005
28	0.000850451192359
29	0.00102369125006
30	0.00116543311546
31	0.000913447576979
32	0.00127567678854
33	0.00143316775009
34	0.00130717498085
35	0.00110243673084
36	0.000913447576979
37	0.000866200288514
38	0.00138592046162
39	0.000677211134657
40	0.000850451192359
41	0.000929196673133
42	0.00100794215391
43	0.000929196673133
44	0.00103944034622
45	0.000740207519276
46	0.000850451192359
47	0.000929196673133
48	0.000551218365418
49	0.000645712942347
50	0.000661462038502
51	0.000976443961598
52	0.000866200288514
53	0.00110243673084
54	0.00102369125006
55	0.00102369125006
56	0.000960694865443
57	0.000535469269263
58	0.000566967461573
59	0.00081895300005
60	0.000708709326966
61	0.000740207519276
62	0.000976443961598
63	0.000834702096205
64	0.000960694865443
65	0.000771705711585
66	0.000755956615431
67	0.00078745480774
68	0.000960694865443
69	0.00107093853853
70	0.000614214750037
71	0.000850451192359
72	0.000708709326966
73	0.000598465653883
74	0.000692960230811
75	0.000598465653883
76	0.000645712942347
77	0.000708709326966
78	0.000614214750037
79	0.000897698480824
80	0.00081895300005
81	0.000551218365418
82	0.000692960230811
83	0.000614214750037
84	0.000551218365418
85	0.000692960230811
86	0.000692960230811
87	0.000582716557728
88	0.000834702096205
89	0.00108668763468
90	0.000692960230811
91	0.000598465653883
92	0.000929196673133
93	0.000692960230811
94	0.000740207519276
95	0.000944945769288
96	0.000850451192359
97	0.000645712942347
98	0.000456723788489
99	0.000377978307715
100	0.000755956615431
101	0.00226786984629
102	0.000645712942347
103	0.00133867317316
104	0.00100794215391
105	0.000708709326966
106	0.000661462038502
107	0.000566967461573
108	0.000645712942347
109	0.000519720173109
110	0.000503971076954
111	0.000503971076954
112	0.000614214750037
113	0.000677211134657
114	0.00039372740387
115	0.000330731019251
116	0.000440974692335
117	0.000362229211561
118	0.000440974692335
119	0.000488221980799
120	0.000456723788489
121	0.00039372740387
122	0.000598465653883
123	0.000661462038502
124	0.000582716557728
125	0.000598465653883
126	0.000346480115406
127	0.00042522559618
128	0.000645712942347
129	0.000409476500025
130	0.000551218365418
131	0.000582716557728
132	0.000346480115406
133	0.00042522559618
134	0.000251985538477
135	0.000535469269263
136	0.000220487346167
137	0.000362229211561
138	0.000314981923096
139	0.000283483730786
140	0.000535469269263
141	0.000251985538477
142	0.000299232826941
143	0.000409476500025
144	0.00039372740387
145	0.000220487346167
146	0.000362229211561
147	0.000220487346167
148	0.000173240057703
149	0.000377978307715
150	0.000503971076954
151	0.000409476500025
152	0.000251985538477
153	0.000661462038502
154	0.000677211134657
155	0.000582716557728
156	0.000440974692335
157	0.000330731019251
158	0.000866200288514
159	0.000220487346167
160	0.000456723788489
161	0.000251985538477
162	0.000283483730786
163	0.000314981923096
164	0.000346480115406
165	0.000346480115406
166	0.000188989153858
167	0.000173240057703
168	0.000251985538477
169	0.000314981923096
170	0.000346480115406
171	0.000251985538477
172	0.000330731019251
173	0.000204738250012
174	0.000251985538477
175	0.000330731019251
176	0.000220487346167
177	0.000220487346167
178	0.000188989153858
179	0.000267734634632
180	0.000299232826941
181	0.000267734634632
182	0.000346480115406
183	0.000220487346167
184	0.000236236442322
185	0.000283483730786
186	0.000283483730786
187	0.000204738250012
188	0.00039372740387
189	0.000377978307715
190	0.000283483730786
191	0.000330731019251
192	0.000299232826941
193	0.000173240057703
194	0.000330731019251
195	0.000283483730786
196	0.000125992769238
197	0.000157490961548
198	0.000346480115406
199	0.000299232826941
200	0.000267734634632
201	0.000283483730786
202	0.000204738250012
203	0.000251985538477
204	0.000157490961548
205	0.000251985538477
206	0.000267734634632
207	0.000409476500025
208	0.000188989153858
209	0.000440974692335
210	0.000330731019251
211	0.000267734634632
212	0.000314981923096
213	0.000362229211561
214	0.000314981923096
215	0.000362229211561
216	0.00039372740387
217	0.000283483730786
218	0.000362229211561
219	0.000204738250012
220	0.000314981923096
221	0.000409476500025
222	0.000377978307715
223	0.000141741865393
224	0.000220487346167
225	0.00039372740387
226	0.000472472884644
227	0.000157490961548
228	0.000173240057703
229	0.000204738250012
230	0.000283483730786
231	0.000157490961548
232	0.000188989153858
233	0.000204738250012
234	0.000236236442322
235	0.000157490961548
236	0.000330731019251
237	0.000330731019251
238	0.000204738250012
239	0.000267734634632
240	0.000236236442322
241	0.000220487346167
242	0.000283483730786
243	0.000299232826941
244	0.000377978307715
245	9.44945769288e-05
246	0.000220487346167
247	0.000251985538477
248	0.000330731019251
249	0.00039372740387
250	0.000267734634632
251	0.000314981923096
252	0.000204738250012
253	0.000299232826941
254	0.000236236442322
255	0.000125992769238
256	0.000204738250012
257	0.000299232826941
258	0.000188989153858
259	0.000188989153858
260	0.000188989153858
261	0.000236236442322
262	0.000220487346167
263	0.000157490961548
264	0.000330731019251
265	0.000188989153858
266	0.000141741865393
267	0.000346480115406
268	0.000188989153858
269	0.000173240057703
270	0.000409476500025
271	0.000992193057753
272	0.000299232826941
273	0.000173240057703
274	0.000236236442322
275	0.000330731019251
276	0.000204738250012
277	0.000314981923096
278	0.000173240057703
279	0.000251985538477
280	0.000157490961548
281	0.000141741865393
282	0.000283483730786
283	0.000157490961548
284	0.000173240057703
285	0.000188989153858
286	0.000125992769238
287	0.000110243673084
288	0.000236236442322
289	0.000173240057703
290	0.000236236442322
291	0.000299232826941
292	0.000204738250012
293	0.000204738250012
294	0.000157490961548
295	0.000141741865393
296	0.000110243673084
297	0.000173240057703
298	9.44945769288e-05
299	0.000188989153858
300	0.000157490961548
301	0.000141741865393
302	0.000204738250012
7741
