-102	0.097597366219
-101	0.100675536349
-100	0.0411140206172
-99	0.0831751705051
-98	0.0978556742019
-97	0.0434172667983
-96	0.0941963111104
-95	0.0929047711957
-94	0.0339029227602
-93	0.0991472141166
-92	0.114495013436
-91	0.045935769632
-90	0.11877862082
-89	0.105691016351
-88	0.0471412068857
-87	0.0909889869889
-86	0.113741615152
-85	0.0457205129795
-84	0.0904293196925
-83	0.094777504072
-82	0.0390475567537
-81	0.111459894637
-80	0.1271521046
-79	0.0590664254312
-78	0.0979633025282
-77	0.144975355422
-76	0.0680426278382
-75	0.106444414635
-74	0.127754823227
-73	0.0588296431135
-72	0.121103392666
-71	0.11877862082
-70	0.046904424568
-69	0.105884747338
-68	0.146482151989
-67	0.0596906697233
-66	0.111954984937
-65	0.136795602629
-64	0.0438477801032
-63	0.0970807502531
-62	0.0902140630401
-61	0.0422979322056
-60	0.0884274328248
-59	0.102225384247
-58	0.0361846432762
-57	0.0928401941999
-56	0.106121529656
-55	0.0498534407065
-54	0.112816011547
-53	0.104076591458
-52	0.0433096384721
-51	0.129046363141
-50	0.122265778589
-49	0.05060683899
-48	0.093722746475
-47	0.116496900304
-46	0.0528455081755
-45	0.0931200278481
-44	0.0944976704238
-43	0.0433957411331
-42	0.0945407217543
-41	0.111933459272
-40	0.0453545766704
-39	0.100955369997
-38	0.120780507687
-37	0.0443859217344
-36	0.0912472949718
-35	0.15046440006
-34	0.0631778274929
-33	0.150572028386
-32	0.137053910612
-31	0.044881012035
-30	0.127496515244
-29	0.101385883302
-28	0.0473995148686
-27	0.101644191285
-26	0.100417228366
-25	0.0444720243953
-24	0.157826177573
-23	0.144932304092
-22	0.0516400709218
-21	0.107068658927
-20	0.11972575009
-19	0.0580116678342
-18	0.0833689014923
-17	0.0856075706778
-16	0.0328696908285
-15	0.0851555317076
-14	0.0848111210637
-13	0.0325037545193
-12	0.110060726396
-11	0.0973821095666
-10	0.0547612923823
-9	0.0928401941999
-8	0.0924527322255
-7	0.0393058647366
-6	0.0911396666456
-5	0.101902499268
-4	0.0456128846533
-3	0.0830029651832
-2	0.0784179984861
-1	0.0182968154579
0	0.0124418345114
1	0.0156922099633
2	0.0123987831809
3	0.00639312257764
4	0.00652227656911
5	0.0035732604306
6	0.00226019485068
7	0.00204493819824
8	0.00215256652446
9	0.00135611691041
10	0.00146374523663
11	0.00221714352019
12	0.00213104085921
13	0.00170052755432
14	0.00230324618117
15	0.00124848858419
16	0.00116238592321
17	0.00135611691041
18	0.00122696291894
19	0.0013991682409
20	0.00137764257565
21	0.00180815588055
22	0.0012054372537
23	0.00157137356286
24	0.00118391158845
25	0.00144221957139
26	0.00148527090188
27	0.000990180601251
28	0.00124848858419
29	0.00124848858419
30	0.00114086025796
31	0.00111933459272
32	0.00127001424943
33	0.00116238592321
34	0.00129153991468
35	0.0013991682409
36	0.0012054372537
37	0.00146374523663
38	0.00189425854152
39	0.00116238592321
40	0.00144221957139
41	0.00167900188908
42	0.00127001424943
43	0.00142069390614
44	0.00163595055859
45	0.000947129270762
46	0.00124848858419
47	0.00165747622383
48	0.00133459124516
49	0.000925603605518
50	0.00144221957139
51	0.00152832223237
52	0.00131306557992
53	0.00165747622383
54	0.0013991682409
55	0.00107628326223
56	0.00129153991468
57	0.0010117062665
58	0.00107628326223
59	0.0013991682409
60	0.00116238592321
61	0.00127001424943
62	0.00111933459272
63	0.00135611691041
64	0.000882552275028
65	0.00150679656712
66	0.00170052755432
67	0.000947129270762
68	0.00144221957139
69	0.00129153991468
70	0.00079644961405
71	0.000990180601251
72	0.00133459124516
73	0.00116238592321
74	0.0012054372537
75	0.00103323193174
76	0.0010117062665
77	0.000968654936007
78	0.00107628326223
79	0.000710346953072
80	0.00109780892747
81	0.000817975279295
82	0.00116238592321
83	0.00109780892747
84	0.00109780892747
85	0.00133459124516
86	0.00142069390614
87	0.000925603605518
88	0.00103323193174
89	0.00129153991468
90	0.000925603605518
91	0.00107628326223
92	0.00127001424943
93	0.000968654936007
94	0.000753398283561
95	0.00118391158845
96	0.00111933459272
97	0.000710346953072
98	0.00148527090188
99	0.000645769957338
100	0.000947129270762
101	0.0012054372537
102	0.000925603605518
103	0.00109780892747
104	0.00118391158845
105	0.00131306557992
106	0.00116238592321
107	0.00150679656712
108	0.000904077940273
109	0.00109780892747
110	0.00142069390614
111	0.000559667296359
112	0.000882552275028
113	0.00133459124516
114	0.000817975279295
115	0.00109780892747
116	0.00133459124516
117	0.000861026609784
118	0.000947129270762
119	0.00107628326223
120	0.000925603605518
121	0.000839500944539
122	0.000839500944539
123	0.000581192961604
124	0.000882552275028
125	0.00111933459272
126	0.000710346953072
127	0.0010117062665
128	0.00142069390614
129	0.000968654936007
130	0.000753398283561
131	0.00148527090188
132	0.0012054372537
133	0.000688821287827
134	0.000839500944539
135	0.000688821287827
136	0.000495090300626
137	0.000839500944539
138	0.000667295622582
139	0.00079644961405
140	0.00114086025796
141	0.000559667296359
142	0.000538141631115
143	0.000753398283561
144	0.000645769957338
145	0.000452038970137
146	0.000495090300626
147	0.000581192961604
148	0.000861026609784
149	0.0013991682409
150	0.000731872618316
151	0.000731872618316
152	0.000947129270762
153	0.000753398283561
154	0.000667295622582
155	0.000817975279295
156	0.000753398283561
157	0.000602718626849
158	0.00116238592321
159	0.000710346953072
160	0.000430513304892
161	0.000817975279295
162	0.000710346953072
163	0.000731872618316
164	0.000688821287827
165	0.000559667296359
166	0.000968654936007
167	0.00051661596587
168	0.000559667296359
169	0.000861026609784
170	0.000667295622582
171	0.000538141631115
172	0.00051661596587
173	0.000882552275028
174	0.000753398283561
175	0.000645769957338
176	0.000430513304892
177	0.00051661596587
178	0.000667295622582
179	0.000495090300626
180	0.000882552275028
181	0.000473564635381
182	0.000581192961604
183	0.000710346953072
184	0.000387461974403
185	0.000839500944539
186	0.000645769957338
187	0.000559667296359
188	0.000990180601251
189	0.000753398283561
190	0.00051661596587
191	0.00079644961405
192	0.00051661596587
193	0.000408987639647
194	0.000495090300626
195	0.000473564635381
196	0.000710346953072
197	0.000774923948805
198	0.000581192961604
199	0.000667295622582
200	0.000753398283561
201	0.000774923948805
202	0.000538141631115
203	0.000968654936007
204	0.000645769957338
205	0.000387461974403
206	0.000817975279295
207	0.000817975279295
208	0.000817975279295
209	0.00079644961405
210	0.000344410643914
211	0.000322884978669
212	0.000817975279295
213	0.000839500944539
214	0.00127001424943
215	0.000904077940273
216	0.000559667296359
217	0.000624244292093
218	0.000710346953072
219	0.000861026609784
220	0.000430513304892
221	0.000559667296359
222	0.00152832223237
223	0.000688821287827
224	0.000581192961604
225	0.000602718626849
226	0.000538141631115
227	0.000559667296359
228	0.00051661596587
229	0.000430513304892
230	0.000538141631115
231	0.000667295622582
232	0.000387461974403
233	0.000581192961604
234	0.000387461974403
235	0.000322884978669
236	0.000559667296359
237	0.000301359313424
238	0.00051661596587
239	0.000452038970137
240	0.000495090300626
241	0.000365936309158
242	0.000301359313424
243	0.000495090300626
244	0.00051661596587
245	0.00027983364818
246	0.000452038970137
247	0.00051661596587
248	0.000365936309158
249	0.000624244292093
250	0.000538141631115
251	0.000602718626849
252	0.000344410643914
253	0.000344410643914
254	0.000258307982935
255	0.00027983364818
256	0.000473564635381
257	0.00051661596587
258	0.00027983364818
259	0.000215256652446
260	0.000365936309158
261	0.000495090300626
262	0.00051661596587
263	0.000602718626849
264	0.000430513304892
265	0.000408987639647
266	0.000301359313424
267	0.000365936309158
268	0.000387461974403
269	0.000193730987201
270	0.000322884978669
271	0.000495090300626
272	0.000344410643914
273	0.000473564635381
274	0.000430513304892
275	0.000344410643914
276	0.000215256652446
277	0.000387461974403
278	0.00027983364818
279	0.000215256652446
280	0.00027983364818
281	0.000215256652446
282	0.00051661596587
283	0.000365936309158
284	0.000301359313424
285	0.000365936309158
286	0.00051661596587
287	0.000322884978669
288	0.000258307982935
289	0.000408987639647
290	0.000817975279295
291	0.000559667296359
292	0.000258307982935
293	0.000408987639647
294	0.000430513304892
295	0.000452038970137
296	0.000408987639647
297	0.000387461974403
298	0.000193730987201
299	0.000301359313424
300	0.000538141631115
301	0.000258307982935
302	0.000322884978669
7741
