-102	0.0758888403866
-101	0.126815584701
-100	0.0253543990953
-99	0.0604291953222
-98	0.11882422682
-97	0.0239014249351
-96	0.0641778686555
-95	0.110266209017
-94	0.0217946124028
-93	0.0649043557356
-92	0.114814018138
-91	0.0243663766663
-90	0.0715735071308
-89	0.115656743151
-88	0.0238868951935
-87	0.0651513613428
-86	0.130404430877
-85	0.0247150904648
-84	0.0672727036167
-83	0.113956763383
-82	0.024526203824
-81	0.0709341985003
-80	0.128559153693
-79	0.0262261835914
-78	0.06802825018
-77	0.130912971833
-76	0.023465532687
-75	0.0672145846503
-74	0.128573683435
-73	0.0261099456586
-72	0.0751042343401
-71	0.115453326768
-70	0.0230151106974
-69	0.0622308832808
-68	0.121483169533
-67	0.0279261633588
-66	0.0750606451153
-65	0.126466870903
-64	0.0233347650126
-63	0.0731281894822
-62	0.114000352608
-61	0.0227971645733
-60	0.0586275073636
-59	0.10603805421
-58	0.0215185473124
-57	0.0619402884488
-56	0.111137993513
-55	0.0234219434622
-54	0.0628411324281
-53	0.110585863332
-52	0.0208211197155
-51	0.0683624342368
-50	0.119172940619
-49	0.0232766460462
-48	0.0631462570017
-47	0.141621391393
-46	0.0228116943149
-45	0.0691906295081
-44	0.110527744365
-43	0.0255578154777
-42	0.0679846609552
-41	0.122645548861
-40	0.0249330365888
-39	0.0658487889397
-38	0.118344745347
-37	0.0212134227387
-36	0.0598625353997
-35	0.115424267285
-34	0.0256159344441
-33	0.0858707728671
-32	0.121933591523
-31	0.0223612723253
-30	0.073171778707
-29	0.12254384067
-28	0.0236253598446
-27	0.0642359876219
-26	0.115511445735
-25	0.0240031331263
-24	0.0828485866139
-23	0.146416206122
-22	0.0250492745216
-21	0.0764555003091
-20	0.120684033745
-19	0.0279116336172
-18	0.0598334759165
-17	0.100066330412
-16	0.0198621567698
-15	0.0581189664075
-14	0.100342395503
-13	0.0200074541858
-12	0.0687837967433
-11	0.11147217757
-10	0.0235963003614
-9	0.0657761402317
-8	0.113520871135
-7	0.0228843430229
-6	0.0617804612912
-5	0.110251679275
-4	0.0241339008007
-3	0.0804802387328
-2	0.149511041083
-1	0.0145733308267
0	0.00992381351408
1	0.00813665529705
2	0.00527429620148
3	0.00261535348834
4	0.00190339614985
5	0.00217946124028
6	0.00119143881135
7	0.00136579571058
8	0.00216493149868
9	0.00146750390179
10	0.00124955777776
11	0.00289141857877
12	0.00191792589145
13	0.00164186080101
14	0.00216493149868
15	0.00104614139533
16	0.00126408751936
17	0.0015546823514
18	0.00127861726096
19	0.000944433204122
20	0.0015401526098
21	0.00169997976742
22	0.000799135788103
23	0.00127861726096
24	0.00135126596897
25	0.000726487080094
26	0.00116237932815
27	0.00106067113694
28	0.00092990346252
29	0.00114784958655
30	0.00117690906975
31	0.00092990346252
32	0.00175809873383
33	0.00117690906975
34	0.00124955777776
35	0.00140938493538
36	0.000900843979316
37	0.000799135788103
38	0.00122049829456
39	0.00111879010334
40	0.00103161165373
41	0.00138032545218
42	0.00114784958655
43	0.00101708191213
44	0.00175809873383
45	0.00113331984495
46	0.000973492687325
47	0.00136579571058
48	0.00126408751936
49	0.000842725012909
50	0.00119143881135
51	0.00106067113694
52	0.00101708191213
53	0.00151109312659
54	0.00167092028422
55	0.00104614139533
56	0.00171450950902
57	0.000595719405677
58	0.000915373720918
59	0.00172903925062
60	0.00119143881135
61	0.00123502803616
62	0.00133673622737
63	0.00119143881135
64	0.00085725475451
65	0.00122049829456
66	0.00165639054261
67	0.000755546563297
68	0.00142391467698
69	0.00140938493538
70	0.00101708191213
71	0.00126408751936
72	0.00103161165373
73	0.00114784958655
74	0.00108973062014
75	0.000639308630482
76	0.000842725012909
77	0.000958962945724
78	0.000915373720918
79	0.000799135788103
80	0.00110426036174
81	0.000711957338492
82	0.000799135788103
83	0.000741016821696
84	0.000813665529705
85	0.000711957338492
86	0.00103161165373
87	0.000711957338492
88	0.000755546563297
89	0.00133673622737
90	0.00110426036174
91	0.000886314237714
92	0.00103161165373
93	0.000886314237714
94	0.000726487080094
95	0.000799135788103
96	0.000886314237714
97	0.000581189664075
98	0.00092990346252
99	0.000537600439269
100	0.000653838372084
101	0.00106067113694
102	0.000784606046501
103	0.00069742759689
104	0.00123502803616
105	0.000741016821696
106	0.000944433204122
107	0.00111879010334
108	0.000973492687325
109	0.00085725475451
110	0.000973492687325
111	0.000726487080094
112	0.00108973062014
113	0.00124955777776
114	0.000988022428927
115	0.000668368113686
116	0.000595719405677
117	0.000741016821696
118	0.000595719405677
119	0.00101708191213
120	0.00104614139533
121	0.000639308630482
122	0.000711957338492
123	0.000595719405677
124	0.000770076304899
125	0.000653838372084
126	0.000741016821696
127	0.000523070697667
128	0.000973492687325
129	0.000682897855288
130	0.000653838372084
131	0.000900843979316
132	0.000624778888881
133	0.000435892248056
134	0.00069742759689
135	0.000668368113686
136	0.000523070697667
137	0.000552130180871
138	0.000741016821696
139	0.000711957338492
140	0.000973492687325
141	0.000334184056843
142	0.000334184056843
143	0.000770076304899
144	0.000552130180871
145	0.000392303023251
146	0.000639308630482
147	0.000435892248056
148	0.000406832764852
149	0.000958962945724
150	0.000784606046501
151	0.000653838372084
152	0.000988022428927
153	0.000799135788103
154	0.000653838372084
155	0.00069742759689
156	0.000595719405677
157	0.000348713798445
158	0.00085725475451
159	0.000566659922473
160	0.00046495173126
161	0.000741016821696
162	0.000842725012909
163	0.000653838372084
164	0.000668368113686
165	0.000741016821696
166	0.000653838372084
167	0.000523070697667
168	0.000581189664075
169	0.000566659922473
170	0.000624778888881
171	0.000421362506454
172	0.000290594832037
173	0.000566659922473
174	0.00046495173126
175	0.000508540956066
176	0.000552130180871
177	0.000479481472862
178	0.000421362506454
179	0.00108973062014
180	0.00164186080101
181	0.000479481472862
182	0.000566659922473
183	0.000610249147279
184	0.000435892248056
185	0.000813665529705
186	0.000741016821696
187	0.000741016821696
188	0.000770076304899
189	0.000581189664075
190	0.00046495173126
191	0.000377773281649
192	0.000653838372084
193	0.00046495173126
194	0.000653838372084
195	0.000566659922473
196	0.000363243540047
197	0.000595719405677
198	0.000668368113686
199	0.000595719405677
200	0.000726487080094
201	0.00123502803616
202	0.000566659922473
203	0.00114784958655
204	0.00107520087854
205	0.000363243540047
206	0.000741016821696
207	0.000682897855288
208	0.00046495173126
209	0.000653838372084
210	0.000450421989658
211	0.000319654315241
212	0.000508540956066
213	0.000450421989658
214	0.000741016821696
215	0.00046495173126
216	0.000523070697667
217	0.000479481472862
218	0.000653838372084
219	0.000406832764852
220	0.000290594832037
221	0.000537600439269
222	0.000624778888881
223	0.000479481472862
224	0.000392303023251
225	0.000610249147279
226	0.000494011214464
227	0.000406832764852
228	0.000348713798445
229	0.000319654315241
230	0.000334184056843
231	0.000581189664075
232	0.000377773281649
233	0.000595719405677
234	0.000305124573639
235	0.000348713798445
236	0.000523070697667
237	0.000377773281649
238	0.000319654315241
239	0.000494011214464
240	0.000406832764852
241	0.000392303023251
242	0.000334184056843
243	0.000537600439269
244	0.000290594832037
245	0.000494011214464
246	0.000319654315241
247	0.000305124573639
248	0.000334184056843
249	0.000508540956066
250	0.000435892248056
251	0.000261535348834
252	0.000348713798445
253	0.000363243540047
254	0.000450421989658
255	0.000508540956066
256	0.000174356899222
257	0.000392303023251
258	0.000334184056843
259	0.000392303023251
260	0.000392303023251
261	0.000624778888881
262	0.000377773281649
263	0.000494011214464
264	0.000392303023251
265	0.000479481472862
266	0.000305124573639
267	0.000348713798445
268	0.000247005607232
269	0.000261535348834
270	0.000421362506454
271	0.000581189664075
272	0.000203416382426
273	0.000305124573639
274	0.000421362506454
275	0.000435892248056
276	0.000348713798445
277	0.000261535348834
278	0.000261535348834
279	0.000319654315241
280	0.000348713798445
281	0.000348713798445
282	0.000377773281649
283	0.00023247586563
284	0.00023247586563
285	0.000334184056843
286	0.00085725475451
287	0.000377773281649
288	0.000508540956066
289	0.000944433204122
290	0.000610249147279
291	0.00127861726096
292	0.000653838372084
293	0.000377773281649
294	0.000479481472862
295	0.000828195271307
296	0.000784606046501
297	0.000639308630482
298	0.000406832764852
299	0.000377773281649
300	0.000653838372084
301	0.000276065090436
302	0.000203416382426
7741
