-102	0.0504821566307
-101	0.0499690554776
-100	0.0541671558211
-99	0.0479399736449
-98	0.0527794504298
-97	0.0524296087345
-96	0.0514617133775
-95	0.054097187482
-94	0.0582369808763
-93	0.0485696886964
-92	0.0534441496508
-91	0.0566626932475
-90	0.0474385338816
-89	0.054621950025
-88	0.0543070924992
-87	0.0522313651072
-86	0.0558580573484
-85	0.0545403202961
-84	0.0469021099489
-83	0.0527094820907
-82	0.0553216334156
-81	0.0497474890706
-80	0.0508786438854
-79	0.0530126782266
-78	0.0478350211363
-77	0.0538639596852
-76	0.0531176307352
-75	0.0487912551034
-74	0.0580037530795
-73	0.051426729208
-72	0.0477533914074
-71	0.0521497353783
-70	0.0530943079555
-69	0.0514617133775
-68	0.0507620299869
-67	0.0501789604948
-66	0.0502839130034
-65	0.0532692288032
-64	0.0504704952409
-63	0.0498524415792
-62	0.0505871091393
-61	0.0539455894141
-60	0.0470653694067
-59	0.0524762542939
-58	0.0519048461915
-57	0.0479632964246
-56	0.0561146079249
-55	0.0520681056494
-54	0.048453074798
-53	0.0595430565388
-52	0.0577472025029
-51	0.0521730581579
-50	0.0602777240989
-49	0.0586451295208
-48	0.0557647662296
-47	0.0561962376538
-46	0.0531992604641
-45	0.0537590071766
-44	0.0572807469092
-43	0.0581553511474
-42	0.0505754477494
-41	0.0585518384021
-40	0.0542021399906
-39	0.0491644195784
-38	0.0563478357218
-37	0.0519631531408
-36	0.0513800836486
-35	0.0547618867031
-34	0.0536423932782
-33	0.0451995470318
-32	0.0470303852371
-31	0.047112014966
-30	0.0446864458787
-29	0.0462490721177
-28	0.0434853227248
-27	0.0455493887271
-26	0.0477767141871
-25	0.0479632964246
-24	0.0419810034351
-23	0.0447913983873
-22	0.0462024265583
-21	0.0443132814037
-20	0.0465406068637
-19	0.0498174574096
-18	0.0445231864209
-17	0.0438351644201
-16	0.0435436296741
-15	0.0421792470624
-14	0.0464822999145
-13	0.0486163342558
-12	0.0427040096054
-11	0.0560096554163
-10	0.0476601002887
-9	0.0476950844582
-8	0.0455493887271
-7	0.0543070924992
-6	0.0367916849549
-5	0.0468088188301
-4	0.0494093087651
-3	0.0450013034044
-2	0.0471353377457
-1	0.0737699521473
0	0.0461674423888
1	0.0383776339736
2	0.0401734880094
3	0.0433453860467
4	0.0439284555389
5	0.0468321416098
6	0.0463073790669
7	0.0433337246569
8	0.045257853981
9	0.0440450694373
10	0.0435086455045
11	0.044219990285
12	0.0471236763559
13	0.0439284555389
14	0.0450479489638
15	0.0432870790975
16	0.0438001802506
17	0.0429955443514
18	0.038272681465
19	0.0392055926524
20	0.0377245961424
21	0.0381094220072
22	0.0367567007854
23	0.0364185204799
24	0.0375963208541
25	0.035077460648
26	0.036115324344
27	0.040721573332
28	0.0406282822133
29	0.0384126181431
30	0.0375496752947
31	0.0367800235651
32	0.0353340112245
33	0.0368849760737
34	0.035450625123
35	0.0343427930879
36	0.035742159869
37	0.0349375239699
38	0.036640086887
39	0.035893757937
40	0.0378645328205
41	0.0399285988227
42	0.0354972706823
43	0.0350308150886
44	0.0342844861387
45	0.0354039795636
46	0.036861653294
47	0.0341562108504
48	0.0346809733933
49	0.0352757042753
50	0.0337130780363
51	0.036045356005
52	0.0348209100714
53	0.0339812900027
54	0.0330133946458
55	0.035742159869
56	0.0346576506136
57	0.0333165907817
58	0.0333282521715
59	0.037304786108
60	0.0329317649169
61	0.0341212266809
62	0.0342844861387
63	0.0328617965778
64	0.0311125881013
65	0.0306344711178
66	0.0320804834583
67	0.0321271290177
68	0.032325372645
69	0.0326635529505
70	0.0323020498653
71	0.0319055626107
72	0.0320105151193
73	0.032103806238
74	0.0344127614269
75	0.0323603568145
76	0.0328734579676
77	0.0462723948973
78	0.0327918282387
79	0.0331766541036
80	0.0312175406099
81	0.0310542811521
82	0.0329784104762
83	0.0307977305756
84	0.0307977305756
85	0.02972488271
86	0.0314274456271
87	0.0328617965778
88	0.0314041228474
89	0.0330133946458
90	0.0301796769139
91	0.031287508949
92	0.0300747244053
93	0.031660673424
94	0.0300630630155
95	0.029946449117
96	0.0307510850162
97	0.0297598668795
98	0.0291767973874
99	0.030168015524
100	0.0290835062686
101	0.0289785537601
102	0.0286287120648
103	0.0285587437257
104	0.0293283954553
105	0.0299114649475
106	0.0296432529811
107	0.0283721614882
108	0.027870721725
109	0.0270544244359
110	0.0272060225039
111	0.027870721725
112	0.0279989970132
113	0.0270777472156
114	0.0277890919961
115	0.0285120981663
116	0.0279640128437
117	0.0286753576241
118	0.0277074622672
119	0.0281156109117
120	0.027124392775
121	0.0268795035883
122	0.0282672089796
123	0.0283721614882
124	0.0279756742335
125	0.0273926047414
126	0.027567525589
127	0.0270427630461
128	0.0286053892851
129	0.0265413232829
130	0.027345959182
131	0.0274159275211
132	0.0274042661312
133	0.0273926047414
134	0.0279523514539
135	0.0267862124696
136	0.0272176838937
137	0.0274858958601
138	0.0262497885368
139	0.0276258325383
140	0.027345959182
141	0.0262614499266
142	0.0266462757914
143	0.0276724780976
144	0.0267978738594
145	0.0261798201977
146	0.0261681588079
147	0.0262731113165
148	0.0270311016563
149	0.0258183171126
150	0.0263197568758
151	0.0262381271469
152	0.0263430796555
153	0.0261215132485
154	0.0265879688422
155	0.0265996302321
156	0.0275208800297
157	0.0244306117213
158	0.0263430796555
159	0.0264363707743
160	0.0251536178915
161	0.0265413232829
162	0.0255034595868
163	0.0268795035883
164	0.0259932379602
165	0.0261914815876
166	0.0257483487735
167	0.0257833329431
168	0.025864962672
169	0.0251419565017
170	0.0259932379602
171	0.0258416398923
172	0.0260282221298
173	0.0256433962649
174	0.0248737445353
175	0.0249203900947
176	0.0255501051462
177	0.0248854059251
178	0.0256317348751
179	0.025713364604
180	0.0258299785024
181	0.0255034595868
182	0.0258999468415
183	0.024897067315
184	0.0245705483994
185	0.0247104850775
186	0.0253751842985
187	0.0255384437563
188	0.025561766536
189	0.0262031429774
190	0.0252235862306
191	0.0256084120954
192	0.0255034595868
193	0.0246171939587
194	0.0249437128743
195	0.0249320514845
196	0.0241740611447
197	0.0240224630767
198	0.0247804534165
199	0.02452390284
200	0.0247338078572
201	0.0251886020611
202	0.024675500908
203	0.0245472256197
204	0.0243956275517
205	0.0235676688729
206	0.0247104850775
207	0.0242673522634
208	0.0239524947377
209	0.0238358808393
210	0.0235676688729
211	0.0251069723322
212	0.0245472256197
213	0.0232178271776
214	0.0241857225345
215	0.0231595202284
216	0.0236609599916
217	0.0236726213815
218	0.0240108016869
219	0.0226814032448
220	0.024967035654
221	0.0228796468721
222	0.0232761341268
223	0.023486039144
224	0.0240924314158
225	0.024080770026
226	0.022739710194
227	0.0233694252455
228	0.024372304772
229	0.0230429063299
230	0.0233111182963
231	0.023334441076
232	0.0229845993807
233	0.0231478588385
234	0.0223199001597
235	0.024302336433
236	0.0236259758221
237	0.0227163874143
238	0.0228796468721
239	0.0240457858564
240	0.0234393935846
241	0.0227047260245
242	0.0240341244666
243	0.0236726213815
244	0.0230545677198
245	0.0230079221604
246	0.0240457858564
247	0.0229845993807
248	0.0227746943635
249	0.0232528113471
250	0.0227863557534
251	0.0221099951425
252	0.0223315615495
253	0.0226464190753
254	0.0223782071089
255	0.0227630329737
256	0.0228096785331
257	0.0212936978535
258	0.023112874669
259	0.0227980171432
260	0.0225764507362
261	0.0229845993807
262	0.0220633495831
263	0.0229496152112
264	0.022891308262
265	0.0227280488042
266	0.0231012132791
267	0.022075010973
268	0.02229657738
269	0.0219817198542
270	0.0226930646346
271	0.0231245360588
272	0.0226697418549
273	0.0222499318206
274	0.022518143787
275	0.023929171958
276	0.0224948210073
277	0.0218184603964
278	0.0231245360588
279	0.0226347576854
280	0.0220167040237
281	0.0231945043979
282	0.0230079221604
283	0.0232411499573
284	0.0236959441611
285	0.0224714982276
286	0.0232528113471
287	0.0227163874143
288	0.0224015298886
289	0.0230195835502
290	0.0224831596175
291	0.0227280488042
292	0.0209905017175
293	0.0216085553792
294	0.0215852325995
295	0.022739710194
296	0.0235210233135
297	0.0221683020917
298	0.0215735712097
299	0.0222382704308
300	0.021328682023
301	0.0205240461238
302	0.021701846498
7741
