-102	0.143016744134
-101	0.134005408159
-100	0.0698633301202
-99	0.0712608878804
-98	0.110013999941
-97	0.0382144700074
-96	0.0848579602564
-95	0.0962567907386
-94	0.0248503239248
-93	0.0941458962049
-92	0.164082015792
-91	0.0652921516126
-90	0.205804938093
-89	0.174039614834
-88	0.108922157941
-87	0.088002465217
-86	0.130424166399
-85	0.0988626536458
-84	0.117540430796
-83	0.104438326794
-82	0.0282714288588
-81	0.10337560058
-80	0.15674483755
-79	0.0548978157706
-78	0.137179028907
-77	0.481924501
-76	0.100434906126
-75	0.176048604114
-74	0.201466685879
-73	0.0738521928943
-72	0.131457776825
-71	0.154633943017
-70	0.039844954061
-69	0.1033319269
-68	0.196153054811
-67	0.0521172581434
-66	0.126770135171
-65	0.169919731019
-64	0.0484486690227
-63	0.117525872903
-62	0.124309851197
-61	0.0396557014477
-60	0.0722944983073
-59	0.0891088651106
-58	0.0265244816585
-57	0.0956162434318
-56	0.133364860852
-55	0.0442559957419
-54	0.188393697663
-53	0.232212956605
-52	0.0411697223546
-51	0.148199354162
-50	0.150426711842
-49	0.0799665080955
-48	0.172263551847
-47	0.268374763652
-46	0.0453769535288
-45	0.160573563498
-44	0.118675946476
-43	0.053442026437
-42	0.0971739380188
-41	0.110698220928
-40	0.036030786007
-39	0.0999836114327
-38	0.120684935757
-37	0.0333958073131
-36	0.0803595712155
-35	0.259174175063
-34	0.0711735405204
-33	0.160922952938
-32	0.138736723493
-31	0.0394664488343
-30	0.179222224861
-29	0.105457379327
-28	0.0384473963008
-27	0.077520782015
-26	0.10363764266
-25	0.0377049437406
-24	0.149946301362
-23	0.184725108542
-22	0.0590759311581
-21	0.254996059676
-20	0.157298037497
-19	0.0599348468649
-18	0.0714501404938
-17	0.0839990445496
-16	0.0289410919523
-15	0.0978872747922
-14	0.0875657284169
-13	0.0243990292314
-12	0.0870416442568
-11	0.103171790073
-10	0.0713919089205
-9	0.114730757382
-8	0.115371304689
-7	0.029581639259
-6	0.106403642394
-5	0.169366531073
-4	0.0617254677453
-3	0.124673798531
-2	0.111207747195
-1	0.0135825144826
0	0.00847269392164
1	0.0130875461092
2	0.00886575704171
3	0.00358124176069
4	0.00244572608047
5	0.00168871562699
6	0.00149946301362
7	0.00128109461358
8	0.00251851554715
9	0.0012083051469
10	0.00109184200021
11	0.00190708402704
12	0.00112095778688
13	0.00183429456035
14	0.00177606298701
15	0.00131021040025
16	0.00129565250692
17	0.00230014714711
18	0.0015722524803
19	0.000975378853522
20	0.00123742093357
21	0.00154313669363
22	0.000989936746858
23	0.00174694720034
24	0.000917147280177
25	0.00123742093357
26	0.00129565250692
27	0.00109184200021
28	0.00122286304024
29	0.00117918936023
30	0.000858915706833
31	0.00126653672024
32	0.00132476829359
33	0.00101905253353
34	0.000917147280177
35	0.00116463146689
36	0.000975378853522
37	0.00119374725356
38	0.00107728410687
39	0.000960820960186
40	0.00107728410687
41	0.00113551568022
42	0.00101905253353
43	0.000742452560143
44	0.00113551568022
45	0.000946263066849
46	0.000669663093463
47	0.00115007357356
48	0.000989936746858
49	0.000684220986799
50	0.00112095778688
51	0.000873473600169
52	0.000931705173513
53	0.00109184200021
54	0.000931705173513
55	0.00126653672024
56	0.00117918936023
57	0.000931705173513
58	0.000975378853522
59	0.00115007357356
60	0.000946263066849
61	0.00135388408026
62	0.00115007357356
63	0.00075701045348
64	0.00107728410687
65	0.000858915706833
66	0.00116463146689
67	0.000727894666807
68	0.00129565250692
69	0.0012083051469
70	0.000786126240152
71	0.000989936746858
72	0.000844357813496
73	0.00082979992016
74	0.000771568346816
75	0.000888031493505
76	0.00115007357356
77	0.00107728410687
78	0.000713336773471
79	0.00113551568022
80	0.0012083051469
81	0.00100449464019
82	0.00116463146689
83	0.000844357813496
84	0.000989936746858
85	0.000684220986799
86	0.00082979992016
87	0.000713336773471
88	0.000786126240152
89	0.00142667354694
90	0.000669663093463
91	0.0012083051469
92	0.00126653672024
93	0.000946263066849
94	0.000858915706833
95	0.000917147280177
96	0.000858915706833
97	0.000873473600169
98	0.00110639989355
99	0.00056775784011
100	0.000931705173513
101	0.00237293661379
102	0.00064054730679
103	0.00119374725356
104	0.000989936746858
105	0.000800684133488
106	0.000771568346816
107	0.00075701045348
108	0.000771568346816
109	0.000844357813496
110	0.000888031493505
111	0.000596873626782
112	0.000742452560143
113	0.000655105200127
114	0.000742452560143
115	0.000509526266765
116	0.00064054730679
117	0.000465852586757
118	0.000742452560143
119	0.00082979992016
120	0.000684220986799
121	0.000611431520118
122	0.000844357813496
123	0.000713336773471
124	0.000713336773471
125	0.000509526266765
126	0.000436736800084
127	0.000655105200127
128	0.000786126240152
129	0.000553199946774
130	0.00056775784011
131	0.000931705173513
132	0.000698778880135
133	0.00075701045348
134	0.000786126240152
135	0.00064054730679
136	0.000524084160101
137	0.000422178906748
138	0.000611431520118
139	0.000625989413454
140	0.00107728410687
141	0.000305715760059
142	0.000684220986799
143	0.000684220986799
144	0.000524084160101
145	0.000436736800084
146	0.000524084160101
147	0.000247484186714
148	0.000305715760059
149	0.00082979992016
150	0.000480410480093
151	0.000975378853522
152	0.000698778880135
153	0.000582315733446
154	0.000436736800084
155	0.000713336773471
156	0.000684220986799
157	0.000349389440068
158	0.000655105200127
159	0.000407621013412
160	0.000480410480093
161	0.000713336773471
162	0.000553199946774
163	0.000771568346816
164	0.000611431520118
165	0.00037850522674
166	0.000538642053437
167	0.000451294693421
168	0.000334831546731
169	0.00056775784011
170	0.000465852586757
171	0.000494968373429
172	0.000320273653395
173	0.000742452560143
174	0.000451294693421
175	0.000524084160101
176	0.000363947333404
177	0.000363947333404
178	0.000349389440068
179	0.000553199946774
180	0.00064054730679
181	0.000494968373429
182	0.000553199946774
183	0.000451294693421
184	0.000436736800084
185	0.000931705173513
186	0.000276599973387
187	0.00064054730679
188	0.000713336773471
189	0.000582315733446
190	0.000480410480093
191	0.000524084160101
192	0.000451294693421
193	0.000262042080051
194	0.000465852586757
195	0.000349389440068
196	0.000363947333404
197	0.00037850522674
198	0.000349389440068
199	0.000393063120076
200	0.000363947333404
201	0.000334831546731
202	0.000407621013412
203	0.000436736800084
204	0.000422178906748
205	0.000436736800084
206	0.000611431520118
207	0.000655105200127
208	0.000480410480093
209	0.00056775784011
210	0.000218368400042
211	0.000393063120076
212	0.000538642053437
213	0.000393063120076
214	0.000611431520118
215	0.000480410480093
216	0.000480410480093
217	0.000596873626782
218	0.000480410480093
219	0.000232926293378
220	0.000465852586757
221	0.000436736800084
222	0.000407621013412
223	0.000393063120076
224	0.000349389440068
225	0.000509526266765
226	0.000553199946774
227	0.000480410480093
228	0.000276599973387
229	0.000305715760059
230	0.000276599973387
231	0.000363947333404
232	0.000203810506706
233	0.000393063120076
234	0.000218368400042
235	0.000218368400042
236	0.000291157866723
237	0.000334831546731
238	0.000232926293378
239	0.000232926293378
240	0.000436736800084
241	0.000393063120076
242	0.000291157866723
243	0.000422178906748
244	0.000509526266765
245	0.000494968373429
246	0.000232926293378
247	0.000349389440068
248	0.000291157866723
249	0.000407621013412
250	0.000538642053437
251	0.000509526266765
252	0.000363947333404
253	0.000320273653395
254	0.000291157866723
255	0.000349389440068
256	0.000276599973387
257	0.000305715760059
258	0.000436736800084
259	0.000262042080051
260	0.000349389440068
261	0.000582315733446
262	0.000363947333404
263	0.000291157866723
264	0.000422178906748
265	0.000436736800084
266	0.000422178906748
267	0.000320273653395
268	0.000422178906748
269	0.000363947333404
270	0.000247484186714
271	0.000625989413454
272	0.000320273653395
273	0.000334831546731
274	0.000320273653395
275	0.000480410480093
276	0.000320273653395
277	0.00037850522674
278	0.000407621013412
279	0.000363947333404
280	0.00037850522674
281	0.000349389440068
282	0.000276599973387
283	0.000393063120076
284	0.000320273653395
285	0.000291157866723
286	0.000436736800084
287	0.000291157866723
288	0.000393063120076
289	0.00056775784011
290	0.000407621013412
291	0.000655105200127
292	0.000596873626782
293	0.000320273653395
294	0.000363947333404
295	0.000524084160101
296	0.000422178906748
297	0.000465852586757
298	0.00037850522674
299	0.000320273653395
300	0.000393063120076
301	0.000291157866723
302	0.000305715760059
7741
