-102	0.121603758274
-101	0.094662284657
-100	0.0397909185805
-99	0.0665629489668
-98	0.105676094626
-97	0.0386330565068
-96	0.0804855343892
-95	0.0959331088842
-94	0.0213780875553
-93	0.102033065175
-92	0.152696591032
-91	0.051651944701
-90	0.214458648474
-89	0.159417839167
-88	0.0831966260739
-87	0.0845239313778
-86	0.114374180448
-85	0.0753457564036
-84	0.0924312821248
-83	0.0853429069909
-82	0.0258118520813
-81	0.0927984091238
-80	0.126348168722
-79	0.0471334585598
-78	0.115080193907
-77	0.39991426403
-76	0.0600111440621
-75	0.15430630172
-74	0.169189065448
-73	0.0657722138921
-72	0.12061533943
-71	0.137107813845
-70	0.0290030329185
-69	0.0963002358832
-68	0.181756105028
-67	0.0435469101853
-66	0.126461130875
-65	0.178310759345
-64	0.0383224105846
-63	0.108810794386
-62	0.115786207367
-61	0.0373339917412
-60	0.0696694081888
-59	0.0861336420656
-58	0.0251340791601
-57	0.109883934845
-56	0.139282335301
-55	0.0422478454197
-54	0.185427375017
-53	0.179920470033
-52	0.0359784458989
-51	0.14557997536
-50	0.140073070376
-49	0.0740184510997
-48	0.192685193382
-47	0.355802543077
-46	0.0537135040029
-45	0.174018197511
-44	0.115277877676
-43	0.0464839261771
-42	0.0904826849765
-41	0.103925181246
-40	0.0324201380627
-39	0.0948599684257
-38	0.106749235085
-37	0.0305845030679
-36	0.0840720827637
-35	0.218045196849
-34	0.0508894501647
-33	0.16495298469
-32	0.130160641403
-31	0.0345946595182
-30	0.145608215898
-29	0.0870655798322
-28	0.0298784896083
-27	0.0694999649585
-26	0.0860771609889
-25	0.0293701599175
-24	0.112820950837
-23	0.156622025868
-22	0.0391696267361
-21	0.19375833384
-20	0.125077344495
-19	0.0468228126376
-18	0.0639648194356
-17	0.0700930162645
-16	0.0224512280138
-15	0.0736513241007
-14	0.0772096319369
-13	0.0234678873956
-12	0.0822364477689
-11	0.100790481486
-10	0.0872067825241
-9	0.11852553959
-8	0.112990394067
-7	0.0268567520014
-6	0.109545048384
-5	0.163230311849
-4	0.115955650597
-3	0.203049470968
-2	0.128663892869
-1	0.0124540774265
0	0.00968650466508
1	0.0217734550927
2	0.0184975526403
3	0.00330414299071
4	0.00248516737763
5	0.00223100253219
6	0.00169443230293
7	0.00121434315043
8	0.00262637006954
9	0.00138378638073
10	0.00118610261205
11	0.00228748360896
12	0.00144026745749
13	0.00208979984028
14	0.0015814701494
15	0.000762494536319
16	0.00163795122617
17	0.00200507822513
18	0.0012708242272
19	0.00132730530396
20	0.00163795122617
21	0.00138378638073
22	0.00115786207367
23	0.0015814701494
24	0.000960178304994
25	0.00124258368882
26	0.00166619176455
27	0.0012708242272
28	0.000931937766612
29	0.00135554584234
30	0.00112962153529
31	0.00101665938176
32	0.00192035660999
33	0.00104489992014
34	0.0011013809969
35	0.00129906476558
36	0.000818975613083
37	0.000988418843376
38	0.00138378638073
39	0.00101665938176
40	0.00124258368882
41	0.00149674853425
42	0.000818975613083
43	0.000847216151465
44	0.00129906476558
45	0.00107314045852
46	0.000790735074701
47	0.000988418843376
48	0.000988418843376
49	0.000903697228229
50	0.0011013809969
51	0.00124258368882
52	0.00129906476558
53	0.000988418843376
54	0.0011013809969
55	0.00101665938176
56	0.00220276199381
57	0.000762494536319
58	0.000903697228229
59	0.000818975613083
60	0.00121434315043
61	0.00135554584234
62	0.00138378638073
63	0.000706013459554
64	0.000960178304994
65	0.0011013809969
66	0.0011013809969
67	0.000847216151465
68	0.0012708242272
69	0.00115786207367
70	0.000847216151465
71	0.000903697228229
72	0.000847216151465
73	0.000818975613083
74	0.000790735074701
75	0.000593051306026
76	0.000960178304994
77	0.000903697228229
78	0.000593051306026
79	0.00152498907264
80	0.00118610261205
81	0.00115786207367
82	0.000677772921172
83	0.000847216151465
84	0.00101665938176
85	0.000536570229261
86	0.000818975613083
87	0.000593051306026
88	0.00064953238279
89	0.000931937766612
90	0.000988418843376
91	0.000875456689847
92	0.00101665938176
93	0.000903697228229
94	0.000875456689847
95	0.00101665938176
96	0.00107314045852
97	0.000734253997936
98	0.00104489992014
99	0.000508329690879
100	0.000875456689847
101	0.00299349706851
102	0.00064953238279
103	0.00118610261205
104	0.00115786207367
105	0.000847216151465
106	0.00124258368882
107	0.000847216151465
108	0.000903697228229
109	0.000508329690879
110	0.00064953238279
111	0.000480089152497
112	0.000903697228229
113	0.000762494536319
114	0.000593051306026
115	0.000734253997936
116	0.000536570229261
117	0.000762494536319
118	0.000536570229261
119	0.000593051306026
120	0.000677772921172
121	0.000593051306026
122	0.000677772921172
123	0.000593051306026
124	0.000875456689847
125	0.000762494536319
126	0.000451848614115
127	0.000593051306026
128	0.000960178304994
129	0.00064953238279
130	0.000677772921172
131	0.000706013459554
132	0.000818975613083
133	0.000875456689847
134	0.000536570229261
135	0.000338886460586
136	0.00039536753735
137	0.000621291844408
138	0.00064953238279
139	0.000423608075733
140	0.00107314045852
141	0.000508329690879
142	0.000677772921172
143	0.000790735074701
144	0.000451848614115
145	0.000621291844408
146	0.000423608075733
147	0.000451848614115
148	0.000338886460586
149	0.000706013459554
150	0.000480089152497
151	0.000677772921172
152	0.000423608075733
153	0.000451848614115
154	0.000621291844408
155	0.000338886460586
156	0.000480089152497
157	0.00025416484544
158	0.000621291844408
159	0.000451848614115
160	0.000536570229261
161	0.000677772921172
162	0.000706013459554
163	0.000536570229261
164	0.000706013459554
165	0.00064953238279
166	0.000593051306026
167	0.000536570229261
168	0.00039536753735
169	0.00064953238279
170	0.000451848614115
171	0.000451848614115
172	0.000451848614115
173	0.00039536753735
174	0.000480089152497
175	0.000621291844408
176	0.000536570229261
177	0.000508329690879
178	0.000310645922204
179	0.000451848614115
180	0.00064953238279
181	0.000225924307057
182	0.00064953238279
183	0.000508329690879
184	0.000310645922204
185	0.000564810767643
186	0.00039536753735
187	0.000508329690879
188	0.000536570229261
189	0.000423608075733
190	0.000480089152497
191	0.000282405383822
192	0.000508329690879
193	0.000141202691911
194	0.000480089152497
195	0.000536570229261
196	0.000367126998968
197	0.000508329690879
198	0.000451848614115
199	0.000338886460586
200	0.000338886460586
201	0.000480089152497
202	0.000536570229261
203	0.000593051306026
204	0.00039536753735
205	0.000282405383822
206	0.000423608075733
207	0.000564810767643
208	0.000564810767643
209	0.000480089152497
210	0.000451848614115
211	0.000480089152497
212	0.000564810767643
213	0.000310645922204
214	0.000536570229261
215	0.000564810767643
216	0.00039536753735
217	0.000508329690879
218	0.000508329690879
219	0.000367126998968
220	0.000169443230293
221	0.000310645922204
222	0.00025416484544
223	0.000310645922204
224	0.000367126998968
225	0.00039536753735
226	0.000338886460586
227	0.000141202691911
228	0.000508329690879
229	0.000338886460586
230	0.00025416484544
231	0.000310645922204
232	0.00039536753735
233	0.00039536753735
234	0.00025416484544
235	0.000423608075733
236	0.000564810767643
237	0.00025416484544
238	0.000197683768675
239	0.000367126998968
240	0.000451848614115
241	0.000480089152497
242	0.000225924307057
243	0.000451848614115
244	0.000564810767643
245	0.000423608075733
246	0.00039536753735
247	0.000367126998968
248	0.000423608075733
249	0.000593051306026
250	0.000338886460586
251	0.00025416484544
252	0.000423608075733
253	0.000310645922204
254	0.000423608075733
255	0.000367126998968
256	0.000451848614115
257	0.00039536753735
258	0.000423608075733
259	0.000367126998968
260	0.000451848614115
261	0.000451848614115
262	0.000367126998968
263	0.000282405383822
264	0.000536570229261
265	0.000367126998968
266	0.000451848614115
267	0.000367126998968
268	0.000169443230293
269	0.000282405383822
270	0.00039536753735
271	0.00064953238279
272	0.000338886460586
273	0.000367126998968
274	0.000677772921172
275	0.000451848614115
276	0.000112962153529
277	0.000367126998968
278	0.000197683768675
279	0.00025416484544
280	0.000451848614115
281	0.000225924307057
282	0.000197683768675
283	0.000310645922204
284	0.00025416484544
285	0.000310645922204
286	0.000225924307057
287	0.000423608075733
288	0.000367126998968
289	0.000593051306026
290	0.000225924307057
291	0.000536570229261
292	0.000480089152497
293	0.000508329690879
294	0.000564810767643
295	0.000197683768675
296	0.000451848614115
297	0.000451848614115
298	0.000451848614115
299	0.000310645922204
300	0.000508329690879
301	0.000282405383822
302	0.000338886460586
7741
