-102	0.0742591820182
-101	0.11093606077
-100	0.0294909699054
-99	0.0729657184258
-98	0.107831748148
-97	0.0284993144846
-96	0.0861159316147
-95	0.101235083827
-94	0.0274789154284
-93	0.0717153702866
-92	0.103822011012
-91	0.0307413180447
-90	0.0751071192621
-89	0.109613853542
-88	0.0299939835247
-87	0.0724483329889
-86	0.111424702572
-85	0.0288586099269
-84	0.0750208883559
-83	0.103965729189
-82	0.0289448408331
-81	0.0742591820182
-80	0.105819693671
-79	0.0320491534547
-78	0.0711117539435
-77	0.108420992674
-76	0.0284130835785
-75	0.0734112447743
-74	0.117820161445
-73	0.0310000107632
-72	0.0764868137606
-71	0.104411255537
-70	0.0292035335516
-69	0.0695164821796
-68	0.121930501305
-67	0.0338168870309
-66	0.0830978498992
-65	0.139176682536
-64	0.0311581007578
-63	0.0786282145968
-62	0.113163692512
-61	0.0322791025378
-60	0.0851817634646
-59	0.105905924578
-58	0.0335869379478
-57	0.08446317258
-56	0.129878116489
-55	0.0330982961463
-54	0.0789731382214
-53	0.116526697852
-52	0.0316898580124
-51	0.0867914070462
-50	0.111482189842
-49	0.0772916355513
-48	0.0893352187778
-47	0.125710289358
-46	0.0285855453908
-45	0.0699620085281
-44	0.106107130025
-43	0.0282981090369
-42	0.078570727326
-41	0.121528090409
-40	0.0304826253262
-39	0.0774353537283
-38	0.116756646935
-37	0.0300083553424
-36	0.0774209819106
-35	0.109082096288
-34	0.0309425234924
-33	0.0725776793481
-32	0.103980101007
-31	0.0283987117608
-30	0.0689559812896
-29	0.102140508342
-28	0.0322791025378
-27	0.0730950647851
-26	0.111640279837
-25	0.0319629225486
-24	0.0752939528921
-23	0.123928183964
-22	0.0273783127046
-21	0.0762424928598
-20	0.115491926979
-19	0.0344061315563
-18	0.0680649285926
-17	0.0942216367933
-16	0.0252512836861
-15	0.064586948711
-14	0.0954001258441
-13	0.026142336383
-12	0.0755095301574
-11	0.107975466325
-10	0.0300802144308
-9	0.0733968729566
-8	0.106150245478
-7	0.0284418272139
-6	0.0702063294288
-5	0.100918903838
-4	0.0292035335516
-3	0.0759694283236
-2	0.102255482884
-1	0.0143143304219
0	0.0072865115702
1	0.00870932152178
2	0.00403848077165
3	0.00257255536699
4	0.00162401539928
5	0.0015665281285
6	0.00110662996234
7	0.00123597632157
8	0.00149466904004
9	0.000891052696947
10	0.00114974541542
11	0.00238572173699
12	0.0015808999462
13	0.00166713085235
14	0.00218451628929
15	0.00110662996234
16	0.00119286086849
17	0.00136532268081
18	0.000991655420796
19	0.0011784890508
20	0.00231386264852
21	0.00168150267005
22	0.000876680879255
23	0.00160964358158
24	0.00113537359772
25	0.00102039905618
26	0.00150904085773
27	0.000919796332333
28	0.00106351450926
29	0.00122160450388
30	0.00136532268081
31	0.00132220722773
32	0.00178210539389
33	0.00142280995158
34	0.00122160450388
35	0.00112100178003
36	0.000847937243869
37	0.00112100178003
38	0.00173898994082
39	0.00103477087387
40	0.00146592540466
41	0.00142280995158
42	0.00132220722773
43	0.00140843813388
44	0.00129346359234
45	0.00109225814465
46	0.00146592540466
47	0.00110662996234
48	0.00106351450926
49	0.000934168150026
50	0.00130783541004
51	0.00129346359234
52	0.00104914269157
53	0.00106351450926
54	0.00148029722235
55	0.000948539967718
56	0.00123597632157
57	0.00103477087387
58	0.00102039905618
59	0.00188270811774
60	0.0013796944985
61	0.000977283603104
62	0.00123597632157
63	0.00116411723311
64	0.00107788632695
65	0.00171024630543
66	0.00241446537237
67	0.00102039905618
68	0.00130783541004
69	0.000876680879255
70	0.000847937243869
71	0.000847937243869
72	0.00123597632157
73	0.000919796332333
74	0.000948539967718
75	0.000603616343093
76	0.000646731796172
77	0.00100602723849
78	0.000862309061562
79	0.000732962702328
80	0.00104914269157
81	0.000503013619245
82	0.00090542451464
83	0.00109225814465
84	0.00106351450926
85	0.00090542451464
86	0.00127909177465
87	0.000833565426177
88	0.000761706337713
89	0.00100602723849
90	0.00110662996234
91	0.000761706337713
92	0.000862309061562
93	0.00103477087387
94	0.00074733452002
95	0.000847937243869
96	0.000948539967718
97	0.00068984724925
98	0.00126471995696
99	0.000819193608484
100	0.000948539967718
101	0.00120723268619
102	0.000919796332333
103	0.000632359978479
104	0.00116411723311
105	0.000704219066942
106	0.00104914269157
107	0.00145155358696
108	0.00103477087387
109	0.000589244525401
110	0.000962911785411
111	0.000761706337713
112	0.000761706337713
113	0.00113537359772
114	0.000704219066942
115	0.00100602723849
116	0.00182522084697
117	0.000589244525401
118	0.000776078155406
119	0.000833565426177
120	0.000617988160786
121	0.000646731796172
122	0.000790449973099
123	0.000560500890015
124	0.000776078155406
125	0.000804821790791
126	0.000517385436937
127	0.00074733452002
128	0.000761706337713
129	0.000934168150026
130	0.000474269983859
131	0.00112100178003
132	0.000847937243869
133	0.000488641801552
134	0.000632359978479
135	0.000603616343093
136	0.00053175725463
137	0.000704219066942
138	0.000402410895396
139	0.000675475431557
140	0.00074733452002
141	0.000359295442318
142	0.000301808171547
143	0.00053175725463
144	0.00037366726001
145	0.000402410895396
146	0.000445526348474
147	0.000603616343093
148	0.000416782713088
149	0.00130783541004
150	0.000416782713088
151	0.000546129072323
152	0.00090542451464
153	0.000546129072323
154	0.000359295442318
155	0.000661103613864
156	0.000546129072323
157	0.000258692718469
158	0.000574872707708
159	0.000416782713088
160	0.000431154530781
161	0.000675475431557
162	0.000790449973099
163	0.000416782713088
164	0.000546129072323
165	0.000617988160786
166	0.000603616343093
167	0.000359295442318
168	0.000416782713088
169	0.000388039077703
170	0.000546129072323
171	0.000344923624625
172	0.000244320900776
173	0.000431154530781
174	0.000474269983859
175	0.000416782713088
176	0.00053175725463
177	0.000359295442318
178	0.00053175725463
179	0.000847937243869
180	0.000546129072323
181	0.000459898166166
182	0.000445526348474
183	0.000402410895396
184	0.000186833630005
185	0.000488641801552
186	0.000459898166166
187	0.000474269983859
188	0.00053175725463
189	0.000517385436937
190	0.000589244525401
191	0.000344923624625
192	0.000603616343093
193	0.000359295442318
194	0.000459898166166
195	0.000388039077703
196	0.000359295442318
197	0.000273064536161
198	0.00037366726001
199	0.000258692718469
200	0.000503013619245
201	0.000617988160786
202	0.000258692718469
203	0.000776078155406
204	0.000316179989239
205	0.000201205447698
206	0.00053175725463
207	0.000503013619245
208	0.000287436353854
209	0.000488641801552
210	0.000316179989239
211	0.000258692718469
212	0.000560500890015
213	0.000445526348474
214	0.000517385436937
215	0.000459898166166
216	0.000718590884635
217	0.000503013619245
218	0.00037366726001
219	0.00037366726001
220	0.000273064536161
221	0.000474269983859
222	0.000847937243869
223	0.000229949083083
224	0.000201205447698
225	0.000344923624625
226	0.000316179989239
227	0.000344923624625
228	0.000100602723849
229	0.000359295442318
230	0.000258692718469
231	0.000287436353854
232	0.000229949083083
233	0.000488641801552
234	0.000215577265391
235	0.000258692718469
236	0.000215577265391
237	0.000359295442318
238	0.000287436353854
239	0.000215577265391
240	0.000388039077703
241	0.000301808171547
242	0.000287436353854
243	0.000301808171547
244	0.000258692718469
245	0.000402410895396
246	0.000229949083083
247	0.000474269983859
248	0.000201205447698
249	0.000330551806932
250	0.000344923624625
251	0.000229949083083
252	0.000201205447698
253	0.000258692718469
254	0.000316179989239
255	0.000229949083083
256	0.000201205447698
257	0.000273064536161
258	0.000402410895396
259	0.000316179989239
260	0.000330551806932
261	0.000646731796172
262	0.000474269983859
263	0.000316179989239
264	0.000388039077703
265	0.000359295442318
266	0.000229949083083
267	0.000301808171547
268	0.000359295442318
269	0.000258692718469
270	0.000359295442318
271	0.000603616343093
272	0.00037366726001
273	0.000344923624625
274	0.000445526348474
275	0.000445526348474
276	0.000229949083083
277	0.000416782713088
278	0.000143718176927
279	0.000215577265391
280	0.00037366726001
281	0.000287436353854
282	0.000675475431557
283	0.000301808171547
284	0.000215577265391
285	0.000359295442318
286	0.000819193608484
287	0.000229949083083
288	0.000301808171547
289	0.000574872707708
290	0.000301808171547
291	0.000617988160786
292	0.000330551806932
293	0.000546129072323
294	0.000416782713088
295	0.000344923624625
296	0.000316179989239
297	0.000330551806932
298	0.000258692718469
299	0.000215577265391
300	0.00053175725463
301	0.000229949083083
302	0.000330551806932
7741
