-34	0.192230405099
-33	0.191523565087
-32	0.197148206888
-31	0.190756568477
-30	0.203284179762
-29	0.203299218912
-28	0.199404079268
-27	0.19917849203
-26	0.198020477542
-25	0.213751427607
-24	0.196606797517
-23	0.205449817248
-22	0.224880398016
-21	0.210924067557
-20	0.202096086975
-19	0.208968978161
-18	0.207720728777
-17	0.209134408802
-16	0.186665919894
-15	0.188996988021
-14	0.213540879518
-13	0.201569716753
-12	0.194681786419
-11	0.184545399857
-10	0.185207122422
-9	0.195328469835
-8	0.203464649553
-7	0.206442401095
-6	0.182018822791
-5	0.182274488327
-4	0.205931070022
-3	0.20955550498
-2	0.201990812931
-1	0.269982806473
0	0.0244536566023
1	0.00652699075364
2	0.00530881966828
3	0.00503811498265
4	0.00612093372518
5	0.00476741029701
6	0.00404553113532
7	0.00457190135739
8	0.00403049198612
9	0.00350412176405
10	0.0047222928494
11	0.0039402570909
12	0.00403049198612
13	0.00330861282442
14	0.00395529624011
15	0.00350412176405
16	0.00356427836086
17	0.00356427836086
18	0.00418088347814
19	0.00409064858292
20	0.00303790813879
21	0.00369963070367
22	0.00433127497015
23	0.00321837792921
24	0.00318829963081
25	0.00291759494517
26	0.00303790813879
27	0.00246642046912
28	0.00261681196114
29	0.00270704685635
30	0.00320333878001
31	0.00227091152949
32	0.00276720345315
33	0.00294767324358
34	0.00290255579597
35	0.00323341707841
36	0.00264689025954
37	0.00257169451353
38	0.00240626387231
39	0.00212052003747
40	0.00221075493268
41	0.00225587238029
42	0.00255665536433
43	0.00204532429146
44	0.00245138131991
45	0.00189493279944
46	0.0023611464247
47	0.00174454130742
48	0.0015791106662
49	0.00221075493268
50	0.00215059833588
51	0.00189493279944
52	0.0015791106662
53	0.00147383662179
54	0.00218067663428
55	0.00162422811381
56	0.00148887577099
57	0.00138360172658
58	0.00127832768216
59	0.00183477620263
60	0.00201524599306
61	0.00121817108536
62	0.00177461960583
63	0.00151895406939
64	0.0015941498154
65	0.00142871917418
66	0.00127832768216
67	0.00192501109785
68	0.00163926726301
69	0.00136856257738
70	0.00126328853296
71	0.00163926726301
72	0.00218067663428
73	0.00127832768216
74	0.00118809278695
75	0.00132344512977
76	0.00111289704094
77	0.00124824938376
78	0.00112793619014
79	0.00133848427897
80	0.00085723150451
81	0.00120313193615
82	0.000962505548923
83	0.00115801448855
84	0.00085723150451
85	0.000992583847327
86	0.00139864087578
87	0.00147383662179
88	0.000932427250519
89	0.00112793619014
90	0.00121817108536
91	0.0007820357585
92	0.000947466399721
93	0.00120313193615
94	0.00118809278695
95	0.0015339932186
96	0.00165430641221
97	0.0015339932186
98	0.001564071517
99	0.00105274044413
100	0.00106777959334
7741
