-34	0.244424510504
-33	0.233062089711
-32	0.233886306764
-31	0.242540585813
-30	0.243732756907
-29	0.257273465624
-28	0.236123467334
-27	0.318221373012
-26	0.286518452821
-25	0.259054363184
-24	0.252122109047
-23	0.261291523754
-22	0.27428766049
-21	0.230442256938
-20	0.230913238111
-19	0.24786856033
-18	0.245440063658
-17	0.26464726461
-16	0.243511984482
-15	0.232179000013
-14	0.248030460108
-13	0.256566993865
-12	0.277937764579
-11	0.288873358684
-10	0.267458433485
-9	0.248633904736
-8	0.311760100049
-7	0.245881608508
-6	0.208394450788
-5	0.206422217127
-4	0.251194864863
-3	0.225099564259
-2	0.230089021058
-1	0.187053116397
0	0.0196340276397
1	0.00700584494491
2	0.00438601217139
3	0.00537212900188
4	0.00512192025384
5	0.00395918548357
6	0.00409164893841
7	0.00409164893841
8	0.00337045901761
9	0.00320855923948
10	0.00417995790831
11	0.00314968659288
12	0.00398862180687
13	0.00413580342336
14	0.00409164893841
15	0.00373841305884
16	0.00388559467533
17	0.00387087651368
18	0.00350292247246
19	0.00403277629182
20	0.00460678459613
21	0.0050483294456
22	0.00509248393054
23	0.0042682668782
24	0.00332630453267
25	0.00281116887495
26	0.00267870542011
27	0.00272285990506
28	0.00394446732192
29	0.00372369489719
30	0.00375313122049
31	0.0027964507133
32	0.00322327740113
33	0.0028258870366
34	0.00276701439001
35	0.00341461350256
36	0.00319384107783
37	0.00326743188607
38	0.00342933166421
39	0.0021046971158
40	0.0021341334391
41	0.00244321483373
42	0.00264926909682
43	0.00273757806671
44	0.00206054263086
45	0.00234018770219
46	0.00284060519825
47	0.00173674307458
48	0.0014423798416
49	0.00298778681474
50	0.00292891416815
51	0.00211941527745
52	0.00248736931868
53	0.00158956145809
54	0.00208997895415
55	0.00175146123623
56	0.0014718161649
57	0.00135407087171
58	0.00182505204447
59	0.00214885160075
60	0.00261983277352
61	0.00153068881149
62	0.00206054263086
63	0.00164843410468
64	0.00217828792405
65	0.00183977020612
66	0.00176617939788
67	0.0028258870366
68	0.0021930060857
69	0.00186920652942
70	0.00105970763873
71	0.00325271372442
72	0.00176617939788
73	0.00135407087171
74	0.00266398725846
75	0.00132463454841
76	0.00107442580038
77	0.0014129435183
78	0.00107442580038
79	0.00119217109357
80	0.00104498947708
81	0.00122160741686
82	0.00104498947708
83	0.00132463454841
84	0.00105970763873
85	0.00120688925522
86	0.00148653432655
87	0.00200166998426
88	0.00151597064984
89	0.0014423798416
90	0.0015012524882
91	0.00132463454841
92	0.00100083499213
93	0.000956680507183
94	0.00126576190181
95	0.00173674307458
96	0.00175146123623
97	0.00207526079251
98	0.00179561572117
99	0.00142766167995
100	0.00173674307458
7741
