-34	0.239386923185
-33	0.224448111505
-32	0.221004005066
-31	0.259577997185
-30	0.271610844056
-29	0.250451115121
-28	0.224254380518
-27	0.297678424668
-26	0.310981285789
-25	0.293028880975
-24	0.286786438054
-23	0.312057569051
-22	0.29259836767
-21	0.229592745499
-20	0.226837460348
-19	0.248815164562
-18	0.260202241477
-17	0.301918980721
-16	0.263065154954
-15	0.231013439405
-14	0.251828757697
-13	0.266121799419
-12	0.304889522524
-11	0.332506951033
-10	0.276281913414
-9	0.246533444046
-8	0.354398552587
-7	0.284806076851
-6	0.201846162999
-5	0.202470407291
-4	0.262204128344
-3	0.224598791162
-2	0.238655050567
-1	0.179717779127
0	0.0405328276556
1	0.0164886595774
2	0.00645769957338
3	0.00503700566724
4	0.00613481459471
5	0.0037669914178
6	0.00400377373549
7	0.0045849666971
8	0.00411140206172
9	0.00348715776962
10	0.00353020910011
11	0.00385309407878
12	0.00456344103185
13	0.00428360738367
14	0.00432665871416
15	0.00385309407878
16	0.00370241442207
17	0.00449886403612
18	0.0037669914178
19	0.00348715776962
20	0.00355173476536
21	0.00374546575256
22	0.00408987639647
23	0.00307817012998
24	0.00370241442207
25	0.00301359313424
26	0.00288443914278
27	0.00307817012998
28	0.00385309407878
29	0.00325037545193
30	0.00327190111718
31	0.00290596480802
32	0.00331495244767
33	0.0027983364818
34	0.00320732412144
35	0.00398224807025
36	0.00342258077389
37	0.00277681081655
38	0.00325037545193
39	0.00288443914278
40	0.0026046054946
41	0.00258307982935
42	0.00314274712571
43	0.00320732412144
44	0.00273375948606
45	0.00202341253299
46	0.0026046054946
47	0.00185120721104
48	0.0015928992281
49	0.00284138781229
50	0.00241087450739
51	0.00223866918544
52	0.00251850283362
53	0.00195883553726
54	0.00213104085921
55	0.00204493819824
56	0.00208798952873
57	0.00193730987201
58	0.00182968154579
59	0.00167900188908
60	0.00193730987201
61	0.00193730987201
62	0.00219561785495
63	0.00206646386348
64	0.00142069390614
65	0.00195883553726
66	0.00200188686775
67	0.00228172051593
68	0.00185120721104
69	0.00243240017264
70	0.00148527090188
71	0.00301359313424
72	0.00189425854152
73	0.00185120721104
74	0.0027983364818
75	0.00170052755432
76	0.00148527090188
77	0.00163595055859
78	0.00127001424943
79	0.00127001424943
80	0.00116238592321
81	0.00129153991468
82	0.00133459124516
83	0.00176510455006
84	0.000947129270762
85	0.00127001424943
86	0.000861026609784
87	0.00161442489334
88	0.00114086025796
89	0.000947129270762
90	0.00116238592321
91	0.00124848858419
92	0.000882552275028
93	0.000710346953072
94	0.00118391158845
95	0.0012054372537
96	0.00148527090188
97	0.00122696291894
98	0.00129153991468
99	0.000882552275028
100	0.00111933459272
7741
