-34	0.215948862079
-33	0.21103401107
-32	0.22544629248
-31	0.215741192318
-30	0.227121495218
-29	0.223092701856
-28	0.210009506916
-27	0.214024455628
-26	0.220725266581
-25	0.23607898424
-24	0.220697577279
-23	0.238792535783
-22	0.250560488903
-21	0.231579472753
-20	0.237394226059
-19	0.242281387767
-18	0.239844729238
-17	0.255738388276
-16	0.209483410188
-15	0.212612301253
-14	0.243748920744
-13	0.235151392641
-12	0.226692311045
-11	0.215145872337
-10	0.216114997888
-9	0.21994996614
-8	0.229571998397
-7	0.225127865513
-6	0.197756991021
-5	0.197577010561
-4	0.224546390182
-3	0.218067093641
-2	0.2087496437
-1	0.248428412691
0	0.0331440938465
1	0.0139000293324
2	0.00394572545792
3	0.00393188080719
4	0.00415339521886
5	0.00335040547655
6	0.00325349292144
7	0.00353038593603
8	0.00303197850977
9	0.00299044455758
10	0.00402879336229
11	0.00323964827071
12	0.00358576453895
13	0.0039872594101
14	0.00393188080719
15	0.0029073766532
16	0.00310120176341
17	0.00332271617509
18	0.00372421104624
19	0.0036549877926
20	0.0035165412853
21	0.00282430874882
22	0.00364114314187
23	0.00297659990685
24	0.00263048363861
25	0.0024366585284
26	0.00257510503569
27	0.00228436737037
28	0.00289353200247
29	0.00258894968642
30	0.00269970689226
31	0.00263048363861
32	0.00246434782986
33	0.00256126038496
34	0.00240896922694
35	0.00249203713131
36	0.00269970689226
37	0.00238127992548
38	0.00317042501706
39	0.00215976551381
40	0.00202131900651
41	0.00221514411672
42	0.00224283341818
43	0.00210438691089
44	0.00193825110213
45	0.00181364924557
46	0.00199362970505
47	0.00155060088171
48	0.00149522227879
49	0.00195209575286
50	0.0014536883266
51	0.0015921348339
52	0.00146753297733
53	0.00146753297733
54	0.00178595994411
55	0.00123217391493
56	0.00148137762806
57	0.00109372740763
58	0.00119063996274
59	0.00123217391493
60	0.00139830972368
61	0.00109372740763
62	0.00124601856566
63	0.00153675623098
64	0.00152291158025
65	0.00116295066128
66	0.00102450415399
67	0.00167520273827
68	0.00131524181931
69	0.0010798827569
70	0.00112141670909
71	0.00156444553244
72	0.00164751343681
73	0.00103834880471
74	0.0014536883266
75	0.0014536883266
76	0.000858368345231
77	0.00113526135982
78	0.000664543235017
79	0.000955280900337
80	0.00059531998137
81	0.00117679531201
82	0.000802989742313
83	0.00101065950326
84	0.000775300440854
85	0.000969125551067
86	0.000941436249608
87	0.000996814852526
88	0.000899902297419
89	0.000553786029181
90	0.000996814852526
91	0.00105219345544
92	0.000719921837935
93	0.000692232536476
94	0.0012183292642
95	0.00112141670909
96	0.00110757205836
97	0.00105219345544
98	0.000969125551067
99	0.000789145091583
100	0.00110757205836
7741
