-34	0.151484661171
-33	0.159117729237
-32	0.163870978519
-31	0.155726974863
-30	0.157569439568
-29	0.160464741249
-28	0.157724268535
-27	0.152692327113
-26	0.153869027261
-25	0.156098564383
-24	0.157755234329
-23	0.150060234676
-22	0.15335809167
-21	0.15303295084
-20	0.151949148072
-19	0.15588180383
-18	0.166580485439
-17	0.166890143373
-16	0.161176954496
-15	0.165945686675
-14	0.160356360972
-13	0.160418292559
-12	0.158699691026
-11	0.138479027955
-10	0.1373332936
-9	0.135800486829
-8	0.130180195332
-7	0.140460838731
-6	0.12901897808
-5	0.134376060334
-4	0.135908867105
-3	0.136342388213
-2	0.129235738634
-1	0.158312618609
0	0.116539763352
1	0.129204772841
2	0.133137428599
3	0.127222962065
4	0.130180195332
5	0.126619129094
6	0.113303837945
7	0.112405829937
8	0.111616202206
9	0.115672721137
10	0.104912107941
11	0.102496776058
12	0.103363818272
13	0.112049723313
14	0.105066936908
15	0.105732701465
16	0.103348335376
17	0.101242661427
18	0.0991834361674
19	0.103208989306
20	0.0987963637502
21	0.094523084265
22	0.097774492569
23	0.0960404081402
24	0.0950340198557
25	0.102790951095
26	0.091720679965
27	0.0961642713137
28	0.0901569073997
29	0.0935012130838
30	0.0889647243549
31	0.0902498047798
32	0.0875093320665
33	0.0876022294466
34	0.0872151570295
35	0.0855275212908
36	0.0829418775443
37	0.0839173000355
38	0.0833908815482
39	0.0806813746282
40	0.0822761129868
41	0.0825548051271
42	0.0822606300901
43	0.0844901672128
44	0.0815638997393
45	0.0824773906437
46	0.0825548051271
47	0.0833134670647
48	0.0806504088348
49	0.0800465758641
50	0.0787614954392
51	0.079659503447
52	0.0789782559928
53	0.0759745740358
54	0.0767951675601
55	0.0773835176342
56	0.0757578134822
57	0.078080247985
58	0.0765164754198
59	0.0763926122463
60	0.0758352279656
61	0.0778325216381
62	0.076160368796
63	0.0770274110104
64	0.0734353789794
65	0.0751230147181
66	0.0740082461567
67	0.0754017068584
68	0.0735592421529
69	0.0712058418567
70	0.0726612341451
71	0.0717477432407
72	0.0690537192174
73	0.0716083971705
74	0.0697504495682
75	0.0697504495682
76	0.0712522905467
77	0.0712058418567
78	0.0704936286091
79	0.0699362443285
80	0.0697349666715
81	0.0704936286091
82	0.0718716064141
83	0.0686356810069
84	0.0684963349367
85	0.0695956206014
86	0.0689143731472
87	0.0704626628158
88	0.0669635281648
89	0.0683724717632
90	0.0685737494201
91	0.0688524415605
92	0.0689608218373
93	0.065477170083
94	0.0682795743831
95	0.0674125321687
96	0.0682021598997
97	0.0658023109134
98	0.0655700674631
99	0.0651520292526
100	0.0648733371123
7741
