-34	0.155768433712
-33	0.160267704481
-32	0.164097938704
-31	0.157190136371
-30	0.158963083217
-29	0.157491202817
-28	0.156102951985
-27	0.158344224412
-26	0.157290491853
-25	0.154631071584
-24	0.156337114776
-23	0.154915412116
-22	0.149245327393
-21	0.148944260948
-20	0.147154588188
-19	0.149128245998
-18	0.14762291377
-17	0.151586955302
-16	0.154212923744
-15	0.153577339025
-14	0.147522558288
-13	0.151269162943
-12	0.147355299152
-11	0.141083081538
-10	0.141250340674
-9	0.138406935355
-8	0.139661378878
-7	0.13865782406
-6	0.129759638005
-5	0.129592378868
-4	0.133355709437
-3	0.125561433681
-2	0.120928355604
-1	0.137704446983
0	0.116947588158
1	0.120426578195
2	0.122734754277
3	0.124541152949
4	0.12440734564
5	0.123286709427
6	0.114555782508
7	0.111829458585
8	0.106744780839
9	0.103332694456
10	0.0988334236877
11	0.10040565957
12	0.100556192792
13	0.0983818240195
14	0.0967092326556
15	0.0980305798331
16	0.0959398406283
17	0.0967426844829
18	0.0962074552465
19	0.0958896628874
20	0.093782197769
21	0.0944010565736
22	0.0910391479323
23	0.0904370150413
24	0.0905373705232
25	0.0911395034141
26	0.0896843489276
27	0.0891992974321
28	0.0903868373004
29	0.0901359485959
30	0.0889818605548
31	0.0897679784958
32	0.0860882774954
33	0.0862220848045
34	0.0854694186908
35	0.0842484269952
36	0.0841982492543
37	0.0826092874587
38	0.0821409618768
39	0.082826724336
40	0.0809868738358
41	0.0810203256631
42	0.0819402509132
43	0.082642739286
44	0.0812377625404
45	0.0800334967584
46	0.0841982492543
47	0.0822580432723
48	0.0785448904446
49	0.0793477342993
50	0.0776082392809
51	0.0777754984173
52	0.0771733655263
53	0.0769057509081
54	0.0762199884489
55	0.0772569950945
56	0.0763705216717
57	0.0752164336307
58	0.0768221213399
59	0.0749488190124
60	0.0740288937623
61	0.073443486785
62	0.0744303156897
63	0.071871250903
64	0.0734100349577
65	0.075199707717
66	0.0747146562215
67	0.0722392210031
68	0.0726239170167
69	0.0736107459214
70	0.0741961528987
71	0.0719716063849
72	0.0716203621985
73	0.0700815781437
74	0.0704160964165
75	0.068358809039
76	0.0693456379437
77	0.0688271346209
78	0.0693121861164
79	0.0677901279753
80	0.0694794452528
81	0.0645954784704
82	0.0677399502344
83	0.0676395947526
84	0.0682919053845
85	0.0667029435888
86	0.0679406611981
87	0.0677734020617
88	0.0669371063798
89	0.0670876396025
90	0.065816470166
91	0.0674388837889
92	0.0670040100343
93	0.0684089867799
94	0.0655488555478
95	0.0661175366115
96	0.0658331960797
97	0.0644449452477
98	0.0649634485705
99	0.0644114934204
100	0.0616517176701
7741
