-34	0.22236421673
-33	0.205090715867
-32	0.199455958615
-31	0.244654417425
-30	0.244012279846
-29	0.23851397683
-28	0.206527498699
-27	0.280252919435
-26	0.263766037106
-25	0.252624950119
-24	0.231169528275
-23	0.278069651668
-22	0.26903156525
-21	0.219233796034
-20	0.192448632289
-19	0.20409540262
-18	0.215685985913
-17	0.254222267345
-16	0.240689217877
-15	0.213045195121
-14	0.219249849474
-13	0.231113341237
-12	0.258813551032
-11	0.256325267915
-10	0.228167535096
-9	0.210179656177
-8	0.285221458949
-7	0.240801591954
-6	0.185457359403
-5	0.194029896077
-4	0.23491800639
-3	0.197441251963
-2	0.207273983634
-1	0.145805363928
0	0.0163183212147
1	0.00719194087968
2	0.00531368846244
3	0.00496051279424
4	0.00512104718888
5	0.00455917680766
6	0.00417389426053
7	0.00394914610804
8	0.00353978340172
9	0.0034595162044
10	0.00427824161704
11	0.00369229107662
12	0.00420600113946
13	0.00387690563045
14	0.00380466515287
15	0.00394914610804
16	0.00332306196896
17	0.00397322626724
18	0.0036120238793
19	0.00353978340172
20	0.00342740932547
21	0.00334714212816
22	0.00405349346455
23	0.00300199317969
24	0.00298593974023
25	0.00291369926264
26	0.0031304206954
27	0.00243209607873
28	0.00309831381647
29	0.00276921830747
30	0.00321068789272
31	0.00231972200249
32	0.00250433655632
33	0.00284948550478
34	0.00239196248007
35	0.00287356566398
36	0.00226353496436
37	0.00267289767069
38	0.00219932120651
39	0.00202273337241
40	0.00215116088812
41	0.00236788232088
42	0.00239196248007
43	0.00254447015498
44	0.00182206537912
45	0.00203076009214
46	0.00210300056973
47	0.00151705002931
48	0.0015652103477
49	0.00265684423122
50	0.00259263047337
51	0.00198259977375
52	0.00193443945536
53	0.00176587834099
54	0.00205484025134
55	0.00144480955172
56	0.00158929050689
57	0.00164547754502
58	0.00162942410555
59	0.00199062649348
60	0.00170969130287
61	0.00153310346877
62	0.00193443945536
63	0.00151705002931
64	0.00181403865938
65	0.00152507674904
66	0.00149296987011
67	0.00172574474233
68	0.00179798521992
69	0.0017177180226
70	0.0013645423544
71	0.00220734792624
72	0.00157323706743
73	0.00143678283199
74	0.0023999891998
75	0.00144480955172
76	0.00140467595306
77	0.00108360716379
78	0.0010354468454
79	0.0011879545203
80	0.00125216827816
81	0.00126019499789
82	0.00122808811896
83	0.00148494315038
84	0.000890965890228
85	0.000866885731033
86	0.00106755372433
87	0.00127624843735
88	0.00113979420191
89	0.000931099488887
90	0.00102742012567
91	0.00111571404272
92	0.000778591813983
93	0.000890965890228
94	0.000858859011301
95	0.00119598124004
96	0.00147691643065
97	0.00141270267279
98	0.0010595270046
99	0.000939126208619
100	0.00114782092165
7741
