-102	0.0686976271494
-101	0.0988835241924
-100	0.0275436806141
-99	0.0672719708029
-98	0.101753845637
-97	0.02541470047
-96	0.0732217099556
-95	0.107456471023
-94	0.0260419892625
-93	0.0670628745388
-92	0.100214136782
-91	0.0283040306656
-90	0.0738870162506
-89	0.109908599939
-88	0.0315545271356
-87	0.0699902222369
-86	0.108235829825
-85	0.0283420481682
-84	0.0733927887172
-83	0.103236528237
-82	0.0259849630086
-81	0.0700092309882
-80	0.100803408072
-79	0.0300718445352
-78	0.0678232245902
-77	0.104643175832
-76	0.0268973830704
-75	0.0699902222369
-74	0.123861023383
-73	0.0289693369606
-72	0.0729365786863
-71	0.105175420868
-70	0.0265172080447
-69	0.0675761108235
-68	0.122891577067
-67	0.0300718445352
-66	0.0764151801717
-65	0.124203180906
-64	0.0310032733483
-63	0.0767383289436
-62	0.106334954697
-61	0.0293114944838
-60	0.0759399613896
-59	0.103103466978
-58	0.0263081117805
-57	0.0676141283261
-56	0.104377053314
-55	0.0278478206347
-54	0.0747424100585
-53	0.107342418515
-52	0.0320297459177
-51	0.0807681842163
-50	0.114565744004
-49	0.0274106193551
-48	0.068203399616
-47	0.101601775626
-46	0.0262891030292
-45	0.0684505133827
-44	0.0975909291049
-43	0.02733458435
-42	0.0788483003364
-41	0.11599140035
-40	0.0312884046176
-39	0.0734117974685
-38	0.110117696203
-37	0.0266882868062
-36	0.0680703383569
-35	0.102153029414
-34	0.028798258199
-33	0.0655992006897
-32	0.0958991502404
-31	0.0251295692007
-30	0.0650099293998
-29	0.0976859728613
-28	0.0297867132659
-27	0.069134828429
-26	0.103635712014
-25	0.0253386654649
-24	0.0740580950122
-23	0.114337638988
-22	0.0278098031321
-21	0.0678992595954
-20	0.110193731208
-19	0.0298817570224
-18	0.0671389095439
-17	0.095937167743
-16	0.0251675867033
-15	0.0641735443432
-14	0.0966975177944
-13	0.0271444968371
-12	0.0699522047343
-11	0.109167258638
-10	0.0277907943809
-9	0.07550276011
-8	0.108616004851
-7	0.0278478206347
-6	0.0726704561683
-5	0.103958860786
-4	0.033702516031
-3	0.112170641342
-2	0.18056412847
-1	0.0299577920275
0	0.014066475952
1	0.0111961545077
2	0.00720431673758
3	0.00425796028818
4	0.00275626893654
5	0.00216699764666
6	0.00133061259005
7	0.00152070010292
8	0.00209096264151
9	0.00146367384906
10	0.00121656008234
11	0.00233807640824
12	0.00157772635678
13	0.00119755133105
14	0.00180583137222
15	0.000950437564325
16	0.00157772635678
17	0.00136863009263
18	0.00115953382848
19	0.00115953382848
20	0.00172979636707
21	0.00144466509777
22	0.000950437564325
23	0.00146367384906
24	0.00123556883362
25	0.00104548132076
26	0.00153970885421
27	0.00134962134134
28	0.0011215163259
29	0.0012735863362
30	0.00119755133105
31	0.00146367384906
32	0.00171078761578
33	0.00100746381818
34	0.00161574385935
35	0.0011215163259
36	0.00104548132076
37	0.00131160383877
38	0.00142565634649
39	0.00115953382848
40	0.00148268260035
41	0.00123556883362
42	0.000893411310465
43	0.0021099713928
44	0.00142565634649
45	0.00106449007204
46	0.000836385056606
47	0.0014066475952
48	0.000893411310465
49	0.000817376305319
50	0.000950437564325
51	0.000988455066898
52	0.00104548132076
53	0.0012735863362
54	0.00123556883362
55	0.000931428813038
56	0.00153970885421
57	0.00104548132076
58	0.000912420061752
59	0.00123556883362
60	0.00106449007204
61	0.00104548132076
62	0.00100746381818
63	0.00123556883362
64	0.000779358802746
65	0.00100746381818
66	0.0012735863362
67	0.00104548132076
68	0.00121656008234
69	0.00102647256947
70	0.000722332548887
71	0.00076035005146
72	0.000893411310465
73	0.00102647256947
74	0.000912420061752
75	0.00106449007204
76	0.000646297543741
77	0.00125457758491
78	0.000874402559179
79	0.000665306295027
80	0.00114052507719
81	0.000722332548887
82	0.000532245036022
83	0.000893411310465
84	0.000874402559179
85	0.000665306295027
86	0.00106449007204
87	0.000513236284735
88	0.000684315046314
89	0.000988455066898
90	0.000912420061752
91	0.000741341300173
92	0.000931428813038
93	0.000665306295027
94	0.000912420061752
95	0.000855393807892
96	0.000931428813038
97	0.000608280041168
98	0.00108349882333
99	0.0007033237976
100	0.00076035005146
101	0.000912420061752
102	0.000779358802746
103	0.000779358802746
104	0.0011215163259
105	0.00102647256947
106	0.00100746381818
107	0.000893411310465
108	0.000912420061752
109	0.000779358802746
110	0.000836385056606
111	0.000570262538595
112	0.0007033237976
113	0.000817376305319
114	0.000798367554033
115	0.000513236284735
116	0.000931428813038
117	0.000456210030876
118	0.000836385056606
119	0.000893411310465
120	0.00076035005146
121	0.000456210030876
122	0.000855393807892
123	0.0007033237976
124	0.000532245036022
125	0.000551253787308
126	0.000570262538595
127	0.000589271289881
128	0.000912420061752
129	0.000722332548887
130	0.000684315046314
131	0.000798367554033
132	0.000532245036022
133	0.000532245036022
134	0.000532245036022
135	0.000570262538595
136	0.000437201279589
137	0.000684315046314
138	0.000513236284735
139	0.00076035005146
140	0.000874402559179
141	0.000437201279589
142	0.000589271289881
143	0.000646297543741
144	0.000418192528303
145	0.000266122518011
146	0.000589271289881
147	0.000741341300173
148	0.000418192528303
149	0.000589271289881
150	0.000494227533449
151	0.000570262538595
152	0.000551253787308
153	0.000589271289881
154	0.000779358802746
155	0.000741341300173
156	0.000570262538595
157	0.000342157523157
158	0.00076035005146
159	0.000589271289881
160	0.000418192528303
161	0.000570262538595
162	0.000627288792454
163	0.000532245036022
164	0.000475218782162
165	0.000608280041168
166	0.000494227533449
167	0.000570262538595
168	0.000475218782162
169	0.00032314877187
170	0.000551253787308
171	0.000475218782162
172	0.000437201279589
173	0.000570262538595
174	0.00032314877187
175	0.000608280041168
176	0.000513236284735
177	0.000342157523157
178	0.000304140020584
179	0.000627288792454
180	0.000874402559179
181	0.000494227533449
182	0.000722332548887
183	0.000570262538595
184	0.000266122518011
185	0.000418192528303
186	0.000418192528303
187	0.00032314877187
188	0.000456210030876
189	0.000798367554033
190	0.000361166274443
191	0.000570262538595
192	0.000532245036022
193	0.000437201279589
194	0.000608280041168
195	0.000494227533449
196	0.000570262538595
197	0.000266122518011
198	0.000513236284735
199	0.000418192528303
200	0.000646297543741
201	0.000798367554033
202	0.000437201279589
203	0.000437201279589
204	0.000513236284735
205	0.00032314877187
206	0.000399183777016
207	0.000551253787308
208	0.000475218782162
209	0.000437201279589
210	0.000361166274443
211	0.000304140020584
212	0.000399183777016
213	0.000399183777016
214	0.000608280041168
215	0.000551253787308
216	0.00133061259005
217	0.000627288792454
218	0.000570262538595
219	0.000456210030876
220	0.000247113766724
221	0.000551253787308
222	0.000247113766724
223	0.000304140020584
224	0.000437201279589
225	0.000589271289881
226	0.000532245036022
227	0.000342157523157
228	0.000418192528303
229	0.000361166274443
230	0.000437201279589
231	0.000475218782162
232	0.000437201279589
233	0.000418192528303
234	0.000342157523157
235	0.000342157523157
236	0.00032314877187
237	0.000285131269297
238	0.000418192528303
239	0.00032314877187
240	0.000171078761578
241	0.000247113766724
242	0.000266122518011
243	0.000437201279589
244	0.000361166274443
245	0.000361166274443
246	0.00032314877187
247	0.000209096264151
248	0.00032314877187
249	0.00038017502573
250	0.000494227533449
251	0.000437201279589
252	0.000209096264151
253	0.000266122518011
254	0.000285131269297
255	0.000361166274443
256	0.000247113766724
257	0.000304140020584
258	0.000437201279589
259	0.000399183777016
260	0.000437201279589
261	0.0007033237976
262	0.000513236284735
263	0.000494227533449
264	0.00038017502573
265	0.00038017502573
266	0.000266122518011
267	0.000494227533449
268	0.000228105015438
269	0.000399183777016
270	0.000418192528303
271	0.000513236284735
272	0.000399183777016
273	0.000437201279589
274	0.000266122518011
275	0.00038017502573
276	0.000304140020584
277	0.000247113766724
278	0.000361166274443
279	0.000361166274443
280	0.000418192528303
281	0.000285131269297
282	0.00038017502573
283	0.000304140020584
284	0.000266122518011
285	0.000361166274443
286	0.000513236284735
287	0.00032314877187
288	0.00032314877187
289	0.000399183777016
290	0.000266122518011
291	0.000855393807892
292	0.000494227533449
293	0.00038017502573
294	0.000456210030876
295	0.000494227533449
296	0.000361166274443
297	0.00032314877187
298	0.00032314877187
299	0.000247113766724
300	0.000551253787308
301	0.00032314877187
302	0.000114052507719
7741
