-102	0.0606847458087
-101	0.059570702664
-100	0.0297118979378
-99	0.0435701049694
-98	0.0631576767455
-97	0.022476738613
-96	0.0444148190022
-95	0.0519315496713
-94	0.0146417099026
-93	0.0558490640265
-92	0.0956975303585
-91	0.0308259410826
-90	0.097790952092
-89	0.0799172928464
-88	0.0428478132602
-87	0.046887749939
-86	0.0675036692333
-85	0.0334090521106
-84	0.0552491946409
-83	0.0661937503708
-82	0.0203588324148
-81	0.0690951594401
-80	0.0951343876699
-79	0.0408523293855
-78	0.0851814527612
-77	0.286921199822
-76	0.065520427591
-75	0.111306376618
-74	0.1517791968
-73	0.0529721394219
-72	0.0865280983208
-71	0.0977297409302
-70	0.0248150049938
-69	0.0695970909669
-68	0.136757977694
-67	0.0328091827249
-66	0.0770281260094
-65	0.104842477931
-64	0.0387711498843
-63	0.154031767554
-62	0.197124425461
-61	0.0360901009974
-60	0.0570243183331
-59	0.0771015794036
-58	0.0178491747809
-57	0.074396046052
-56	0.0935551396955
-55	0.0358819830473
-54	0.17211354475
-53	0.187171490553
-52	0.0309116367091
-51	0.153713469513
-50	0.160532392937
-49	0.0460430359061
-48	0.0830757887953
-47	0.121161373667
-46	0.0254271166118
-45	0.0681647497807
-44	0.0629985277248
-43	0.0250843341057
-42	0.0498381279377
-41	0.0625700495922
-40	0.0184000752371
-39	0.0510501089414
-38	0.0617375777917
-37	0.0194773916848
-36	0.0522988166421
-35	0.127380427706
-34	0.036041132068
-33	0.105001626952
-32	0.103006143077
-31	0.021827900298
-30	0.0837735960398
-29	0.0549676232966
-28	0.0220360182481
-27	0.0477079795071
-26	0.0603909322321
-25	0.0211300930534
-24	0.0745919217697
-23	0.0923431586918
-22	0.0265656442213
-21	0.0930164814716
-20	0.0708580408999
-19	0.0295037799877
-18	0.0420887948538
-17	0.0531068039779
-16	0.016049566624
-15	0.0441210054256
-14	0.0493729231081
-13	0.0145804987408
-12	0.0527395370071
-11	0.072118990833
-10	0.0422234594098
-9	0.067087433333
-8	0.0750326421347
-7	0.0173105165571
-6	0.0641248131019
-5	0.104181397384
-4	0.0492382585521
-3	0.105748403126
-2	0.103789645948
-1	0.0134419711313
0	0.00745551950727
1	0.0115444251155
2	0.00989172374692
3	0.00325643380777
4	0.00250965763381
5	0.00231378191605
6	0.00184857708637
7	0.00157924797445
8	0.00356248961677
9	0.00144458341849
10	0.00140785672141
11	0.00187306155109
12	0.00149355234793
13	0.00216687512773
14	0.00246068870437
15	0.00124870770072
16	0.00127319216544
17	0.00209342173357
18	0.00160373243917
19	0.00137113002432
20	0.00178736592457
21	0.00127319216544
22	0.0011630120742
23	0.00222808628953
24	0.00124870770072
25	0.00118749653892
26	0.000967136356443
27	0.000832471800483
28	0.000905925194643
29	0.00121198100364
30	0.00137113002432
31	0.000869198497563
32	0.00119973877128
33	0.000942651891723
34	0.00117525430656
35	0.00138337225668
36	0.001224223236
37	0.000844714032843
38	0.00113852760948
39	0.000807987335763
40	0.000930409659363
41	0.00101610528588
42	0.00101610528588
43	0.000967136356443
44	0.0012854343978
45	0.00101610528588
46	0.000918167427003
47	0.00121198100364
48	0.00100386305352
49	0.000734533941603
50	0.0011018009124
51	0.00101610528588
52	0.00105283198296
53	0.0010405897506
54	0.000930409659363
55	0.000930409659363
56	0.00112628537712
57	0.000967136356443
58	0.000844714032843
59	0.00107731644768
60	0.000930409659363
61	0.000991620821164
62	0.000844714032843
63	0.000930409659363
64	0.000979378588804
65	0.000942651891723
66	0.000918167427003
67	0.00101610528588
68	0.00117525430656
69	0.000918167427003
70	0.000844714032843
71	0.00112628537712
72	0.000563142688562
73	0.000771260638683
74	0.000832471800483
75	0.000759018406323
76	0.000783502871043
77	0.000918167427003
78	0.00111404314476
79	0.00170167029805
80	0.00121198100364
81	0.000930409659363
82	0.000881440729923
83	0.000734533941603
84	0.000783502871043
85	0.000710049476883
86	0.00102834751824
87	0.000722291709243
88	0.000905925194643
89	0.00132216109488
90	0.000832471800483
91	0.000893682962283
92	0.00124870770072
93	0.000905925194643
94	0.000967136356443
95	0.00121198100364
96	0.0011630120742
97	0.000832471800483
98	0.000905925194643
99	0.000624353850362
100	0.000930409659363
101	0.00246068870437
102	0.000783502871043
103	0.00142009895377
104	0.00144458341849
105	0.000930409659363
106	0.00105283198296
107	0.000636596082722
108	0.000648838315082
109	0.000489689294402
110	0.000771260638683
111	0.000612111618002
112	0.00106507421532
113	0.000893682962283
114	0.000856956265203
115	0.000636596082722
116	0.000612111618002
117	0.000550900456202
118	0.000697807244523
119	0.000648838315082
120	0.000612111618002
121	0.000526415991482
122	0.000624353850362
123	0.000661080547442
124	0.000869198497563
125	0.000428478132602
126	0.000501931526762
127	0.000550900456202
128	0.000697807244523
129	0.000452962597322
130	0.000759018406323
131	0.00106507421532
132	0.000697807244523
133	0.000599869385642
134	0.000624353850362
135	0.000746776173963
136	0.000514173759122
137	0.000575384920922
138	0.000538658223842
139	0.000452962597322
140	0.000612111618002
141	0.000587627153282
142	0.000624353850362
143	0.000587627153282
144	0.000428478132602
145	0.000501931526762
146	0.000563142688562
147	0.000477447062042
148	0.000379509203161
149	0.000587627153282
150	0.000416235900241
151	0.000538658223842
152	0.000587627153282
153	0.000734533941603
154	0.000710049476883
155	0.000685565012162
156	0.000416235900241
157	0.000661080547442
158	0.000844714032843
159	0.000403993667881
160	0.000550900456202
161	0.000575384920922
162	0.000501931526762
163	0.000587627153282
164	0.000440720364962
165	0.000452962597322
166	0.000575384920922
167	0.000636596082722
168	0.000440720364962
169	0.000587627153282
170	0.000526415991482
171	0.000428478132602
172	0.000342782506081
173	0.000538658223842
174	0.000293813576641
175	0.000416235900241
176	0.000428478132602
177	0.000489689294402
178	0.000330540273721
179	0.000391751435521
180	0.000452962597322
181	0.000391751435521
182	0.000416235900241
183	0.000391751435521
184	0.000318298041361
185	0.000661080547442
186	0.000416235900241
187	0.000403993667881
188	0.000759018406323
189	0.000489689294402
190	0.000355024738441
191	0.000342782506081
192	0.000391751435521
193	0.000318298041361
194	0.000428478132602
195	0.000330540273721
196	0.000208117950121
197	0.000306055809001
198	0.000391751435521
199	0.000379509203161
200	0.000440720364962
201	0.000428478132602
202	0.000306055809001
203	0.000257086879561
204	0.000306055809001
205	0.000428478132602
206	0.000563142688562
207	0.000563142688562
208	0.000477447062042
209	0.000477447062042
210	0.000318298041361
211	0.000452962597322
212	0.000538658223842
213	0.000318298041361
214	0.000514173759122
215	0.000673322779802
216	0.000514173759122
217	0.000477447062042
218	0.000367266970801
219	0.000342782506081
220	0.000440720364962
221	0.000391751435521
222	0.000342782506081
223	0.000159149020681
224	0.000550900456202
225	0.000452962597322
226	0.000355024738441
227	0.000403993667881
228	0.000550900456202
229	0.000306055809001
230	0.000342782506081
231	0.000403993667881
232	0.000355024738441
233	0.000379509203161
234	0.000465204829682
235	0.000318298041361
236	0.000465204829682
237	0.000330540273721
238	0.000269329111921
239	0.000355024738441
240	0.000293813576641
241	0.000440720364962
242	0.000416235900241
243	0.000636596082722
244	0.000489689294402
245	0.000379509203161
246	0.000391751435521
247	0.000403993667881
248	0.000416235900241
249	0.000416235900241
250	0.000526415991482
251	0.000501931526762
252	0.000293813576641
253	0.000416235900241
254	0.000452962597322
255	0.000355024738441
256	0.000452962597322
257	0.000465204829682
258	0.000391751435521
259	0.000318298041361
260	0.000269329111921
261	0.000501931526762
262	0.000257086879561
263	0.000379509203161
264	0.000318298041361
265	0.000416235900241
266	0.000452962597322
267	0.000318298041361
268	0.000244844647201
269	0.000428478132602
270	0.000514173759122
271	0.000930409659363
272	0.000293813576641
273	0.000367266970801
274	0.000355024738441
275	0.000281571344281
276	0.000269329111921
277	0.000367266970801
278	0.000428478132602
279	0.000220360182481
280	0.000318298041361
281	0.000281571344281
282	0.000293813576641
283	0.000269329111921
284	0.000244844647201
285	0.000257086879561
286	0.000195875717761
287	0.000220360182481
288	0.000318298041361
289	0.000367266970801
290	0.000330540273721
291	0.000342782506081
292	0.000575384920922
293	0.000306055809001
294	0.000355024738441
295	0.000367266970801
296	0.000293813576641
297	0.000379509203161
298	0.000281571344281
299	0.000220360182481
300	0.000379509203161
301	0.000244844647201
302	0.000269329111921
7741
