-102	0.0453991559155
-101	0.0734472706448
-100	0.0173659603962
-99	0.0400282403291
-98	0.0672408793004
-97	0.0155905744107
-96	0.0455035903852
-95	0.0631977734006
-94	0.0153667862612
-93	0.0364177915182
-92	0.065017917016
-91	0.0156800896705
-90	0.040058078749
-89	0.0665545956422
-88	0.0160679891295
-87	0.0379544701443
-86	0.0723432491076
-85	0.0156204128306
-84	0.03965526008
-83	0.0694340031649
-82	0.0161127467594
-81	0.040460897418
-80	0.0646150983471
-79	0.0176345061755
-78	0.0392375222011
-77	0.0681658703181
-76	0.0149490483823
-75	0.0372532672761
-74	0.0722388146378
-73	0.0167841112077
-72	0.0417141110548
-71	0.0654505741049
-70	0.0141434110443
-69	0.0361492457388
-68	0.070194882873
-67	0.0172466067165
-66	0.0409830697666
-65	0.0770278810358
-64	0.0167990304176
-63	0.0405205742578
-62	0.0691206997557
-61	0.0165006462184
-60	0.0431314360012
-59	0.0647493712367
-58	0.016664757528
-57	0.0422810410334
-56	0.0715972886094
-55	0.0167691919977
-54	0.0410725850264
-53	0.0655550085747
-52	0.0165901614782
-51	0.0429076478518
-50	0.067822728489
-49	0.0166199998981
-48	0.0372085096462
-47	0.0637796225892
-46	0.0153667862612
-45	0.037671005155
-44	0.0614373066251
-43	0.0160083122896
-42	0.0434596586204
-41	0.077341184445
-40	0.0161724235992
-39	0.0416991918448
-38	0.0691057805457
-37	0.0153369478413
-36	0.0390137340516
-35	0.066241292233
-34	0.0159486354498
-33	0.03967017929
-32	0.0635707536497
-31	0.0144567144535
-30	0.037685924365
-29	0.0651969475356
-28	0.0167691919977
-27	0.0395806640302
-26	0.069777144994
-25	0.0160381507096
-24	0.0386855114324
-23	0.0715972886094
-22	0.0158889586099
-21	0.0412068579161
-20	0.072581956467
-19	0.0175300717058
-18	0.0373278633259
-17	0.0617804484542
-16	0.0144865528735
-15	0.0347915976323
-14	0.0591099098709
-13	0.0131736623968
-12	0.0396105024501
-11	0.0644808254574
-10	0.0160381507096
-9	0.0394016335106
-8	0.0650775938559
-7	0.0159187970299
-6	0.0365669836178
-5	0.0613328721553
-4	0.021021166837
-3	0.0663755651226
-2	0.120263751507
-1	0.0155308975708
0	0.00878741466784
1	0.00672856369303
2	0.00466971271822
3	0.00352093355112
4	0.00196933571503
5	0.00202901255488
6	0.00171570914567
7	0.00168587072575
8	0.00249150806372
9	0.00122337521691
10	0.000910071807705
11	0.00293908436259
12	0.00183506282537
13	0.0018649012453
14	0.00241691201391
15	0.00116369837707
16	0.00147700178628
17	0.0015068402062
18	0.00140240573646
19	0.00113385995714
20	0.00259594253345
21	0.00176046677556
22	0.00105926390733
23	0.00176046677556
24	0.00117861758703
25	0.00101450627744
26	0.00158143625601
27	0.000805637337968
28	0.00108910232725
29	0.00107418311729
30	0.00152175941616
31	0.00108910232725
32	0.00116369837707
33	0.00132780968665
34	0.00117861758703
35	0.00132780968665
36	0.00116369837707
37	0.00120845600695
38	0.00161127467594
39	0.00119353679699
40	0.00128305205676
41	0.0013874865265
42	0.00155159783609
43	0.00101450627744
44	0.00135764810658
45	0.00122337521691
46	0.000999587067479
47	0.00132780968665
48	0.00117861758703
49	0.00088023338778
50	0.0010294254874
51	0.00164111309586
52	0.00120845600695
53	0.00111894074718
54	0.00140240573646
55	0.000641526028382
56	0.00107418311729
57	0.000865314177818
58	0.00111894074718
59	0.00105926390733
60	0.00149192099624
61	0.000969748647554
62	0.00116369837707
63	0.0010294254874
64	0.000984667857517
65	0.000924991017667
66	0.000969748647554
67	0.000999587067479
68	0.000984667857517
69	0.000910071807705
70	0.000522172348683
71	0.000716122078194
72	0.000924991017667
73	0.000984667857517
74	0.000969748647554
75	0.000910071807705
76	0.000790718128006
77	0.000969748647554
78	0.000731041288156
79	0.000671364448307
80	0.000999587067479
81	0.000507253138721
82	0.00062660681842
83	0.000686283658269
84	0.00088023338778
85	0.000731041288156
86	0.000924991017667
87	0.000611687608457
88	0.00101450627744
89	0.00140240573646
90	0.000760879708081
91	0.000835475757893
92	0.000731041288156
93	0.00088023338778
94	0.000596768398495
95	0.000701202868232
96	0.000760879708081
97	0.000537091558646
98	0.00117861758703
99	0.000581849188533
100	0.000850394967855
101	0.000910071807705
102	0.00093991022763
103	0.000596768398495
104	0.00105926390733
105	0.000760879708081
106	0.000775798918044
107	0.000850394967855
108	0.000641526028382
109	0.00062660681842
110	0.000850394967855
111	0.000865314177818
112	0.000641526028382
113	0.000805637337968
114	0.000775798918044
115	0.000790718128006
116	0.000969748647554
117	0.000760879708081
118	0.000552010768608
119	0.000611687608457
120	0.000671364448307
121	0.000372980249059
122	0.000552010768608
123	0.000775798918044
124	0.000641526028382
125	0.000716122078194
126	0.000731041288156
127	0.000537091558646
128	0.000820556547931
129	0.000656445238345
130	0.000477414718796
131	0.00111894074718
132	0.000537091558646
133	0.000432657088909
134	0.000492333928758
135	0.000552010768608
136	0.000537091558646
137	0.00062660681842
138	0.000701202868232
139	0.000522172348683
140	0.000805637337968
141	0.00062660681842
142	0.000477414718796
143	0.000432657088909
144	0.000731041288156
145	0.000462495508834
146	0.000596768398495
147	0.000462495508834
148	0.000611687608457
149	0.000760879708081
150	0.00062660681842
151	0.000477414718796
152	0.000656445238345
153	0.000805637337968
154	0.000641526028382
155	0.00108910232725
156	0.000716122078194
157	0.000402818668984
158	0.000522172348683
159	0.000671364448307
160	0.000372980249059
161	0.000716122078194
162	0.000686283658269
163	0.000507253138721
164	0.000402818668984
165	0.000537091558646
166	0.000552010768608
167	0.000432657088909
168	0.000581849188533
169	0.000522172348683
170	0.000835475757893
171	0.000372980249059
172	0.000328222619172
173	0.000552010768608
174	0.000238707359398
175	0.000358061039097
176	0.000477414718796
177	0.000343141829135
178	0.000477414718796
179	0.000402818668984
180	0.000596768398495
181	0.000432657088909
182	0.00056692997857
183	0.000462495508834
184	0.000402818668984
185	0.000537091558646
186	0.000477414718796
187	0.000387899459022
188	0.000372980249059
189	0.000298384199248
190	0.000387899459022
191	0.000208868939473
192	0.000417737878947
193	0.000298384199248
194	0.000492333928758
195	0.000298384199248
196	0.00025362656936
197	0.000358061039097
198	0.000462495508834
199	0.000552010768608
200	0.000477414718796
201	0.000731041288156
202	0.00031330340921
203	0.000402818668984
204	0.000537091558646
205	0.000372980249059
206	0.00056692997857
207	0.000656445238345
208	0.000417737878947
209	0.000581849188533
210	0.000328222619172
211	0.00031330340921
212	0.000432657088909
213	0.000462495508834
214	0.000477414718796
215	0.000596768398495
216	0.000775798918044
217	0.000477414718796
218	0.000477414718796
219	0.000328222619172
220	0.000343141829135
221	0.000402818668984
222	0.000343141829135
223	0.00025362656936
224	0.000283464989285
225	0.000432657088909
226	0.000387899459022
227	0.000417737878947
228	0.000223788149436
229	0.000402818668984
230	0.000343141829135
231	0.000298384199248
232	0.000298384199248
233	0.000343141829135
234	0.000238707359398
235	0.000462495508834
236	0.000432657088909
237	0.000417737878947
238	0.000343141829135
239	0.000358061039097
240	0.000298384199248
241	0.000402818668984
242	0.000268545779323
243	0.000358061039097
244	0.000328222619172
245	0.000358061039097
246	0.00031330340921
247	0.000328222619172
248	0.000343141829135
249	0.000283464989285
250	0.000417737878947
251	0.000328222619172
252	0.000387899459022
253	0.00031330340921
254	0.000268545779323
255	0.000298384199248
256	0.000223788149436
257	0.00031330340921
258	0.000462495508834
259	0.000343141829135
260	0.00031330340921
261	0.000417737878947
262	0.000358061039097
263	0.000328222619172
264	0.000686283658269
265	0.000372980249059
266	0.000343141829135
267	0.000343141829135
268	0.000402818668984
269	0.000268545779323
270	0.000477414718796
271	0.000656445238345
272	0.000343141829135
273	0.000372980249059
274	0.000268545779323
275	0.00031330340921
276	0.00031330340921
277	0.000358061039097
278	0.000283464989285
279	0.000298384199248
280	0.000358061039097
281	0.000372980249059
282	0.000328222619172
283	0.000223788149436
284	0.00031330340921
285	0.000283464989285
286	0.000522172348683
287	0.000298384199248
288	0.000358061039097
289	0.00056692997857
290	0.000179030519549
291	0.000432657088909
292	0.000372980249059
293	0.000298384199248
294	0.00025362656936
295	0.000328222619172
296	0.000298384199248
297	0.00025362656936
298	0.000193949729511
299	0.000238707359398
300	0.000358061039097
301	0.000179030519549
302	0.00031330340921
7741
