-102	0.089447724584
-101	0.110104253944
-100	0.0326702262501
-99	0.072353767573
-98	0.105870703843
-97	0.0296508263668
-96	0.0780251271421
-95	0.0972118957124
-94	0.0259924000533
-93	0.083376973496
-92	0.113794631579
-91	0.0319193701945
-90	0.0923712705028
-89	0.105008018162
-88	0.033469009288
-87	0.079478912271
-86	0.126287598292
-85	0.0337725468424
-84	0.0816995291164
-83	0.0969243338188
-82	0.0284846031315
-81	0.0902145563004
-80	0.116318785979
-79	0.0342837679867
-78	0.0836006327466
-77	0.12414685975
-76	0.0326702262501
-75	0.0826101417796
-74	0.122565269335
-73	0.0336926685386
-72	0.0890802843866
-71	0.105950582147
-70	0.0284846031315
-69	0.0768269525852
-68	0.131399809735
-67	0.0354020642397
-66	0.0909494366953
-65	0.125936133755
-64	0.0321749807666
-63	0.0828178253695
-62	0.0988573887705
-61	0.0278775280227
-60	0.0701011994061
-59	0.0929304186293
-58	0.0244747122813
-57	0.0680722904898
-56	0.0959338428518
-55	0.0266633778051
-54	0.0766192689954
-53	0.0980106787503
-52	0.027925455005
-51	0.0938250556317
-50	0.12055233608
-49	0.0322229077489
-48	0.0776896382661
-47	0.139243859167
-46	0.0339163277892
-45	0.0789037884838
-44	0.0972917740162
-43	0.0342677923259
-42	0.0771145144789
-41	0.101461421474
-40	0.0295389967415
-39	0.0800061090761
-38	0.109752789407
-37	0.0277497227366
-36	0.0773541493902
-35	0.131687371628
-34	0.0416804989176
-33	0.114593414617
-32	0.121654656672
-31	0.0292993618302
-30	0.0928505403255
-29	0.104209235124
-28	0.0298105829744
-27	0.0773221980687
-26	0.104193259464
-25	0.0315359543363
-24	0.131847128236
-23	0.149723892624
-22	0.0378623159965
-21	0.0944481064013
-20	0.11043974282
-19	0.0334530336272
-18	0.0715230332136
-17	0.0891601626904
-16	0.027526063486
-15	0.0748299949905
-14	0.0908216314092
-13	0.0273982582
-12	0.0888885764575
-11	0.105135823448
-10	0.0326862019109
-9	0.0802776953089
-8	0.0995922691654
-7	0.02845265181
-6	0.080341597952
-5	0.106765340846
-4	0.030433633744
-3	0.0772263441042
-2	0.0965089666391
-1	0.0165827358668
0	0.0087866134169
1	0.00722099866262
2	0.00468086860209
3	0.00329098611615
4	0.00233244647067
5	0.00217268986309
6	0.0017892740049
7	0.00148573645049
8	0.00276378931113
9	0.00145378512898
10	0.00145378512898
11	0.00266793534659
12	0.00194903061248
13	0.00150171211125
14	0.00198098193399
15	0.00124610153912
16	0.00131000418216
17	0.0019011036302
18	0.00137390682519
19	0.00119817455685
20	0.00177329834414
21	0.00164549305807
22	0.00146976078974
23	0.00135793116443
24	0.00116622323533
25	0.00105439361003
26	0.00145378512898
27	0.00121415021761
28	0.00115024757458
29	0.00103841794927
30	0.00170939570111
31	0.00113427191382
32	0.00180524966565
33	0.00137390682519
34	0.00134195550367
35	0.0015975660758
36	0.00137390682519
37	0.0012940285214
38	0.00177329834414
39	0.00137390682519
40	0.00124610153912
41	0.00145378512898
42	0.00102244228851
43	0.00115024757458
44	0.00118219889609
45	0.00116622323533
46	0.00103841794927
47	0.00123012587837
48	0.00115024757458
49	0.000846710020174
50	0.000974515306238
51	0.00108634493154
52	0.00126207719988
53	0.0017892740049
54	0.00202890891627
55	0.00095853964548
56	0.00167744437959
57	0.00107036927079
58	0.00107036927079
59	0.00174134702262
60	0.00134195550367
61	0.00113427191382
62	0.00126207719988
63	0.00119817455685
64	0.00126207719988
65	0.00146976078974
66	0.00107036927079
67	0.00102244228851
68	0.00116622323533
69	0.00115024757458
70	0.00105439361003
71	0.00102244228851
72	0.00116622323533
73	0.00121415021761
74	0.000990490966996
75	0.00095853964548
76	0.00103841794927
77	0.000974515306238
78	0.00102244228851
79	0.00107036927079
80	0.00134195550367
81	0.000782807377142
82	0.000702929073352
83	0.000974515306238
84	0.00105439361003
85	0.00071890473411
86	0.00115024757458
87	0.000686953412594
88	0.00116622323533
89	0.00142183380746
90	0.00111829625306
91	0.00132597984291
92	0.00107036927079
93	0.00095853964548
94	0.000942563984722
95	0.000926588323964
96	0.00115024757458
97	0.000702929073352
98	0.0011023205923
99	0.00071890473411
100	0.000702929073352
101	0.000734880394868
102	0.000591099448046
103	0.000926588323964
104	0.00116622323533
105	0.000846710020174
106	0.000990490966996
107	0.000990490966996
108	0.00087866134169
109	0.000926588323964
110	0.00102244228851
111	0.000575123787288
112	0.00103841794927
113	0.00095853964548
114	0.000990490966996
115	0.000926588323964
116	0.000926588323964
117	0.000495245483498
118	0.000926588323964
119	0.000655002091078
120	0.000926588323964
121	0.000511221144256
122	0.000702929073352
123	0.000575123787288
124	0.000734880394868
125	0.000702929073352
126	0.000575123787288
127	0.000782807377142
128	0.000862685680932
129	0.000527196805014
130	0.000655002091078
131	0.000894637002448
132	0.000607075108804
133	0.000670977751836
134	0.000782807377142
135	0.000814758698658
136	0.00047926982274
137	0.000686953412594
138	0.00039939151895
139	0.000623050769562
140	0.000846710020174
141	0.000766831716384
142	0.000734880394868
143	0.000670977751836
144	0.000734880394868
145	0.000367440197434
146	0.00071890473411
147	0.000447318501224
148	0.000623050769562
149	0.000974515306238
150	0.000607075108804
151	0.000591099448046
152	0.000862685680932
153	0.00111829625306
154	0.00031951321516
155	0.000766831716384
156	0.000607075108804
157	0.000702929073352
158	0.000830734359416
159	0.000591099448046
160	0.000415367179708
161	0.000830734359416
162	0.000782807377142
163	0.000607075108804
164	0.000463294161982
165	0.000463294161982
166	0.000607075108804
167	0.000431342840466
168	0.000511221144256
169	0.000623050769562
170	0.00063902643032
171	0.000463294161982
172	0.000383415858192
173	0.000686953412594
174	0.000463294161982
175	0.000527196805014
176	0.000415367179708
177	0.00063902643032
178	0.000511221144256
179	0.000782807377142
180	0.000926588323964
181	0.000670977751836
182	0.000734880394868
183	0.000607075108804
184	0.00047926982274
185	0.00087866134169
186	0.000750856055626
187	0.000766831716384
188	0.00087866134169
189	0.000351464536676
190	0.00063902643032
191	0.000607075108804
192	0.000383415858192
193	0.000670977751836
194	0.000686953412594
195	0.000655002091078
196	0.000623050769562
197	0.000623050769562
198	0.000527196805014
199	0.00039939151895
200	0.000734880394868
201	0.00111829625306
202	0.000463294161982
203	0.00095853964548
204	0.000495245483498
205	0.000447318501224
206	0.000974515306238
207	0.000591099448046
208	0.00055914812653
209	0.000463294161982
210	0.000463294161982
211	0.000351464536676
212	0.000702929073352
213	0.000591099448046
214	0.00071890473411
215	0.000926588323964
216	0.00071890473411
217	0.000575123787288
218	0.000766831716384
219	0.000207683589854
220	0.000351464536676
221	0.000527196805014
222	0.000862685680932
223	0.00047926982274
224	0.000591099448046
225	0.000463294161982
226	0.000591099448046
227	0.000351464536676
228	0.000527196805014
229	0.000511221144256
230	0.000447318501224
231	0.000415367179708
232	0.000431342840466
233	0.000527196805014
234	0.000255610572128
235	0.000335488875918
236	0.00047926982274
237	0.00023963491137
238	0.000415367179708
239	0.000527196805014
240	0.000367440197434
241	0.00039939151895
242	0.000287561893644
243	0.000495245483498
244	0.00031951321516
245	0.000415367179708
246	0.000543172465772
247	0.000335488875918
248	0.000271586232886
249	0.00047926982274
250	0.000367440197434
251	0.00063902643032
252	0.000271586232886
253	0.000335488875918
254	0.000447318501224
255	0.000335488875918
256	0.00023963491137
257	0.000303537554402
258	0.000447318501224
259	0.000351464536676
260	0.000511221144256
261	0.000431342840466
262	0.000335488875918
263	0.000367440197434
264	0.000431342840466
265	0.00031951321516
266	0.000303537554402
267	0.000351464536676
268	0.000351464536676
269	0.000271586232886
270	0.000351464536676
271	0.000511221144256
272	0.00031951321516
273	0.00023963491137
274	0.000255610572128
275	0.00031951321516
276	0.000303537554402
277	0.00039939151895
278	0.000223659250612
279	0.000335488875918
280	0.00039939151895
281	0.000271586232886
282	0.00047926982274
283	0.000335488875918
284	0.000287561893644
285	0.000335488875918
286	0.00047926982274
287	0.00023963491137
288	0.000383415858192
289	0.00071890473411
290	0.00047926982274
291	0.000830734359416
292	0.00047926982274
293	0.000383415858192
294	0.000383415858192
295	0.000527196805014
296	0.000415367179708
297	0.000527196805014
298	0.000351464536676
299	0.000463294161982
300	0.000495245483498
301	0.000255610572128
302	0.000287561893644
7741
