-102	0.0309036513762
-101	0.0219255263587
-100	0.0268398684735
-99	0.0299585855849
-98	0.0241936842578
-97	0.0253277632074
-96	0.0244772039952
-95	0.0181452631934
-94	0.0219255263587
-93	0.0223035526752
-92	0.0191848355638
-91	0.0213584868839
-90	0.0248552303118
-89	0.018617796089
-88	0.0223980592543
-87	0.0299585855849
-86	0.021452993463
-85	0.0265563487361
-84	0.0283519737396
-83	0.0229650987291
-82	0.0229650987291
-81	0.0243826974161
-80	0.0238156579413
-79	0.0293915461101
-78	0.0266508553153
-77	0.0271233882109
-76	0.0272178947901
-75	0.0260838158405
-74	0.0317542105884
-73	0.0276904276857
-72	0.0285409868979
-71	0.0315651974301
-70	0.0324157566423
-69	0.0285409868979
-68	0.0287300000562
-67	0.0275014145275
-66	0.030714638218
-65	0.0295805592684
-64	0.0254222697866
-63	0.0301475987432
-62	0.0306201316388
-61	0.0378026316529
-60	0.0297695724266
-59	0.0293915461101
-58	0.0268398684735
-57	0.026461842157
-56	0.0332663158545
-55	0.0433785198217
-54	0.0353454605954
-53	0.0301475987432
-52	0.052167631681
-51	0.0318487171675
-50	0.0383696711277
-49	0.0382751645485
-48	0.0388422040233
-47	0.0380861513903
-46	0.0423389474512
-45	0.046497236933
-44	0.0330773026963
-43	0.035723486912
-42	0.037897138232
-41	0.0409213487642
-40	0.0481038487783
-39	0.0409213487642
-38	0.0401652961312
-37	0.0376136184946
-36	0.0477258224617
-35	0.0426224671886
-34	0.0465917435122
-33	0.0437565461382
-32	0.0536797369471
-31	0.04791483562
-30	0.0548138158967
-29	0.0497104606235
-28	0.0435675329799
-27	0.0441345724547
-26	0.0506555264148
-25	0.0435675329799
-24	0.0481038487783
-23	0.0421499342929
-22	0.040732335606
-21	0.036479539545
-20	0.0497104606235
-19	0.0486708882531
-18	0.0590666119576
-17	0.0642644738099
-16	0.0432840132425
-15	0.0469697698287
-14	0.0556643751088
-13	0.0513170724688
-12	0.054341283001
-11	0.0583105593245
-10	0.05008848694
-9	0.0553808553714
-8	0.062185329069
-7	0.0625633553855
-6	0.0835438159528
-5	0.061523783015
-4	0.0509390461522
-3	0.0503720066774
-2	0.0530181908931
-1	0.0437565461382
0	0.0558533882671
1	0.116337598912
2	0.454576645626
3	0.912082995205
4	0.189674704318
5	0.221806941223
6	0.344287467778
7	0.112651842326
8	0.186555987207
9	0.335498355919
10	0.0964912172939
11	0.196857204332
12	0.319432237467
13	0.0709744409283
14	0.143460987123
15	0.283708750555
16	0.0677612172378
17	0.1938329938
18	0.217176118846
19	0.0606732238028
20	0.121251941027
21	0.204795756979
22	0.0567984540584
23	0.134199342368
24	0.206685888562
25	0.0513170724688
26	0.110856217322
27	0.178522927981
28	0.0519786185227
29	0.103862730466
30	0.164157927953
31	0.0488599014113
32	0.0952626317652
33	0.148280822658
34	0.0419609211347
35	0.0889306909634
36	0.150076447662
37	0.0434730264008
38	0.0919549014956
39	0.140153256853
40	0.0445125987712
41	0.0868515462225
42	0.125977269983
43	0.0356289803328
44	0.0678557238169
45	0.101027533092
46	0.0355344737537
47	0.0688007896082
48	0.0894977304382
49	0.0345894079624
50	0.0711634540865
51	0.0920494080747
52	0.0302421053223
53	0.0669106580256
54	0.0973417765061
55	0.0318487171675
56	0.066532631709
57	0.10669792784
58	0.0375191119155
59	0.0611457566985
60	0.0889306909634
61	0.0348729276998
62	0.065776579076
63	0.0928054607078
64	0.0340223684876
65	0.0733371054066
66	0.103579210729
67	0.0362905263868
68	0.0616182895942
69	0.0969637501896
70	0.0309981579553
71	0.0637919409142
72	0.0982868422974
73	0.0297695724266
74	0.0568929606376
75	0.0855284541146
76	0.0282574671605
77	0.0725810527735
78	0.0991374015096
79	0.0287300000562
80	0.0781569409423
81	0.119550822602
82	0.0354399671746
83	0.0659655922342
84	0.0963022041357
85	0.0344949013832
86	0.061523783015
87	0.0841108554276
88	0.0309981579553
89	0.062185329069
90	0.0951681251861
91	0.0293915461101
92	0.0613347698568
93	0.0898757567547
94	0.0301475987432
95	0.0645479935473
96	0.0997989475636
97	0.0325102632215
98	0.0681392435543
99	0.0942230593948
100	0.0358179934911
101	0.0639809540725
102	0.109344112056
103	0.0351564474372
104	0.0755107567266
105	0.102445131779
106	0.0327937829589
107	0.0699348685578
108	0.107170460736
109	0.0361015132285
110	0.0682337501334
111	0.0956406580817
112	0.0366685527033
113	0.0662491119716
114	0.0987593751931
115	0.0334553290128
116	0.0674776975004
117	0.0928054607078
118	0.0365740461241
119	0.107359473894
120	0.137885098954
121	0.0448906250878
122	0.0758887830431
123	0.101405559409
124	0.0373300987572
125	0.0791965133128
126	0.101405559409
127	0.0339278619084
128	0.0631303948603
129	0.0946010857113
130	0.0366685527033
131	0.0656820724969
132	0.110194671268
133	0.0355344737537
134	0.0606732238028
135	0.113407894959
136	0.0329827961171
137	0.0622798356481
138	0.104713289678
139	0.0363850329659
140	0.0625633553855
141	0.102256118621
142	0.0299585855849
143	0.0609567435402
144	0.0996099344053
145	0.0294860526892
146	0.0630358882812
147	0.094412072553
148	0.0294860526892
149	0.0695568422413
150	0.106319901524
151	0.0289190132144
152	0.0726755593526
153	0.0876075988555
154	0.030714638218
155	0.0744711843561
156	0.108588059423
157	0.0423389474512
158	0.0796690462084
159	0.108777072581
160	0.0367630592824
161	0.0642644738099
162	0.102634144938
163	0.0323212500632
164	0.0733371054066
165	0.119550822602
166	0.0321322369049
167	0.07295907909
168	0.113029868642
169	0.0332663158545
170	0.0867570396433
171	0.0991374015096
172	0.0334553290128
173	0.0775899014675
174	0.112368322588
175	0.0322267434841
176	0.0774008883092
177	0.107453980473
178	0.0340223684876
179	0.0778734212049
180	0.103768223887
181	0.031470690851
182	0.0619018093316
183	0.121346447606
184	0.030714638218
185	0.0751327304101
186	0.118416743653
187	0.0316597040093
188	0.0648315132847
189	0.100460493617
190	0.0292025329518
191	0.0730535856692
192	0.0977198028227
193	0.030053092164
194	0.0641699672307
195	0.107170460736
196	0.0308091447971
197	0.0821262172658
198	0.104146250204
199	0.0326992763797
200	0.0754162501475
201	0.113596908117
202	0.0348729276998
203	0.0710689475074
204	0.119456316023
205	0.0306201316388
206	0.0748492106727
207	0.103012171254
208	0.030714638218
209	0.0685172698708
210	0.105752862049
211	0.0304311184806
212	0.0809921383163
213	0.114541973908
214	0.0338333553293
215	0.0766448356762
216	0.106414408103
217	0.0313761842719
218	0.0791965133128
219	0.109533125214
220	0.0334553290128
221	0.0720140132987
222	0.104335263362
223	0.040070789552
224	0.0811811514745
225	0.12191348708
226	0.0327937829589
227	0.0769283554136
228	0.114825493646
229	0.0342113816458
230	0.077967927784
231	0.0988538817722
232	0.0275959211066
233	0.0980978291392
234	0.137034539742
235	0.0310926645345
236	0.075794276464
237	0.111517763376
238	0.0329827961171
239	0.0815591777911
240	0.106792434419
241	0.030714638218
242	0.0639809540725
243	0.118416743653
244	0.0290135197936
245	0.0711634540865
246	0.101405559409
247	0.0287300000562
248	0.0734316119857
249	0.128906973936
250	0.0280684540023
251	0.067194177763
252	0.103390197571
253	0.0271233882109
254	0.0762668093597
255	0.107926513369
256	0.0317542105884
257	0.0761723027805
258	0.120306875235
259	0.0315651974301
260	0.0801415791041
261	0.110478191005
262	0.0301475987432
263	0.0758887830431
264	0.122764046293
265	0.0312816776927
266	0.0769283554136
267	0.120212368656
268	0.0304311184806
269	0.0762668093597
270	0.109533125214
271	0.0322267434841
272	0.0773063817301
273	0.107926513369
274	0.0315651974301
275	0.07078542777
276	0.104146250204
277	0.0287300000562
278	0.0798580593667
279	0.110572697585
280	0.0297695724266
281	0.0804250988415
282	0.121157434447
283	0.0303366119014
284	0.0702183882952
285	0.103579210729
286	0.030053092164
287	0.0713524672448
288	0.0996099344053
289	0.0303366119014
290	0.0745656909353
291	0.097247269927
292	0.0281629605814
293	0.0764558225179
294	0.113124375221
295	0.0268398684735
296	0.0766448356762
297	0.104335263362
298	0.027879440844
299	0.0684227632917
300	0.124465164717
301	0.0288245066353
302	0.0819372041076
1557
