-34	0.136963447391
-33	0.121793445306
-32	0.108429395851
-31	0.107707014799
-30	0.0939817748182
-29	0.115653206367
-28	0.124610731408
-27	0.12323820741
-26	0.131545589503
-25	0.139419542966
-24	0.148088115586
-23	0.130750970347
-22	0.127933684245
-21	0.157045640626
-20	0.134001685079
-19	0.137469114127
-18	0.163763784406
-17	0.147293496429
-16	0.187385644795
-15	0.163980498722
-14	0.158996069466
-13	0.143970543592
-12	0.17878931028
-11	0.17402159534
-10	0.176116500389
-9	0.175683071758
-8	0.161957831777
-7	0.162680212829
-6	0.178139167334
-5	0.186085358902
-4	0.202772361195
-3	0.190708597633
-2	0.22480498327
-1	0.174238309655
0	0.648987136792
1	1.69109404189
2	0.724548194793
3	0.723320147006
4	0.680844141169
5	0.622909180828
6	0.432706249931
7	0.463335206521
8	0.444986727809
9	0.389652339254
10	0.35490581067
11	0.326805187761
12	0.367114050443
13	0.340963856373
14	0.286857515606
15	0.259551511854
16	0.213246886444
17	0.206889933189
18	0.203928170878
19	0.218448030015
20	0.209996171711
21	0.20522845677
22	0.215702982019
23	0.230078364947
24	0.205589647296
25	0.198727027306
26	0.20074969425
27	0.217364458438
28	0.199304932147
29	0.192947978893
30	0.199304932147
31	0.190853073843
32	0.18716893048
33	0.18297912038
34	0.216208648755
35	0.200171789409
36	0.199738360778
37	0.175972024179
38	0.181317643961
39	0.196993312782
40	0.174671738286
41	0.194392740996
42	0.181100929646
43	0.186013120797
44	0.206095314032
45	0.201038646671
46	0.191214264369
47	0.18507402543
48	0.16744792777
49	0.171059833028
50	0.173371452393
51	0.154083878314
52	0.178211405439
53	0.169326118504
54	0.171059833028
55	0.160946498305
56	0.173154738078
57	0.163547070091
58	0.171998928395
59	0.160513069674
60	0.16101873641
61	0.165280784615
62	0.165136308405
63	0.156973402521
64	0.162535736619
65	0.160440831569
66	0.162896927144
67	0.173082499973
68	0.175972024179
69	0.170915356818
70	0.157406831152
71	0.163908260617
72	0.17431054776
73	0.164847355984
74	0.164124974932
75	0.172865785657
76	0.176188738495
77	0.168170308821
78	0.190419645212
79	0.171348785449
80	0.165858689456
81	0.174382785866
82	0.151988973265
83	0.149027210953
84	0.151266592213
85	0.15191673516
86	0.161090974515
87	0.165641975141
88	0.169470594714
89	0.16325811767
90	0.162030069882
91	0.157406831152
92	0.175538595548
93	0.163474831986
94	0.195909741204
95	0.168675975558
96	0.147076782114
97	0.147799163165
98	0.172865785657
99	0.161813355567
100	0.17178221408
1557
