-34	0.0796690462084
-33	0.0794800330501
-32	0.0645479935473
-31	0.0628468751229
-30	0.0658710856551
-29	0.077967927784
-28	0.0742821711979
-27	0.0775899014675
-26	0.0809921383163
-25	0.0855284541146
-24	0.0925219409704
-23	0.0847724014816
-22	0.0857174672729
-21	0.0985703620348
-20	0.0860009870103
-19	0.103106677833
-18	0.11766069102
-17	0.108493552844
-16	0.119267302865
-15	0.115298026541
-14	0.126922335774
-13	0.11870026339
-12	0.136940033163
-11	0.145351118705
-10	0.1480918095
-9	0.138357631849
-8	0.130986118677
-7	0.134860888422
-6	0.16661509901
-5	0.153951217406
-4	0.162740329266
-3	0.180129539826
-2	0.19600664512
-1	0.147146743709
0	0.626767632805
1	1.32356464075
2	0.643495297311
3	0.628846777545
4	0.533867665518
5	0.545302961593
6	0.399101283675
7	0.395793553405
8	0.368859178353
9	0.33436427697
10	0.308280461129
11	0.279172434756
12	0.285504375558
13	0.271517401847
14	0.229461974133
15	0.205362796454
16	0.195250592487
17	0.189202171423
18	0.195723125383
19	0.205362796454
20	0.189580197739
21	0.200164934602
22	0.20148802671
23	0.191753849059
24	0.184949375362
25	0.186366974049
26	0.206024342508
27	0.220956382011
28	0.192320888534
29	0.177294342452
30	0.185894441153
31	0.184571349045
32	0.200448454339
33	0.194022006958
34	0.22001131622
35	0.205173783296
36	0.211505724098
37	0.198558322757
38	0.199692401706
39	0.236738980726
40	0.258664507085
41	0.217932171479
42	0.198463816178
43	0.196951710911
44	0.206402368825
45	0.208670526724
46	0.20366167803
47	0.193171447746
48	0.192131875376
49	0.193454967484
50	0.207914474091
51	0.19279342143
52	0.230596053082
53	0.209804605673
54	0.208292500407
55	0.224642138597
56	0.23305322414
57	0.21018263199
58	0.221995954381
59	0.219349770166
60	0.19714072407
61	0.227193816234
62	0.214907960947
63	0.202716612238
64	0.191942862217
65	0.220105822799
66	0.212261776731
67	0.219538783324
68	0.224925658335
69	0.202244079343
70	0.217176118846
71	0.225020164914
72	0.216987105687
73	0.215002467526
74	0.225587204388
75	0.231635625453
76	0.227004803075
77	0.224547632018
78	0.24392148074
79	0.226059737284
80	0.20148802671
81	0.218593717533
82	0.203567171451
83	0.224169605701
84	0.206780395141
85	0.215853026738
86	0.232013651769
87	0.216514572792
88	0.230974079399
89	0.226910296496
90	0.219066250428
91	0.210277138569
92	0.212734309626
93	0.220767368853
94	0.221712434644
95	0.204984770138
96	0.204512237242
97	0.201866053026
98	0.216609079371
99	0.200637467498
100	0.23522687546
1557
